"./training_data/set10/1aax8.jpg,249,22,108,86,254,33,278,40,283,53,326,52,333,46,355,38,303,87,303,95"
"./training_data/set10/Five-Sheep.jpg,633,194,102,91,636,209,657,218,663,230,707,229,716,218,732,204,682,255,683,268"
"./training_data/set10/Five-Sheep.jpg,865,199,89,84,870,213,889,225,892,235,932,236,935,225,951,211,909,260,910,270"
"./training_data/set10/Five-Sheep.jpg,461,275,97,77,467,285,487,293,490,302,534,302,540,293,552,282,510,328,512,340"
"./training_data/set10/Screen2.jpg,476,120,701,568,483,160,670,221,676,267,955,279,987,236,1171,149,783,596,786,648"
"./training_data/set10/Sheep%2B1.jpg,328,185,207,188,337,195,372,228,377,247,483,250,492,229,527,198,430,339,429,357"
"./training_data/set10/sheep_lambs.jpg,492,87,191,151,494,96,529,127,536,137,617,137,634,128,684,90,562,199,564,215"
"./training_data/set10/sheep_lambs.jpg,154,134,151,124,158,137,178,166,184,180,253,182,269,169,303,140,206,234,208,246"
"./training_data/set10/sheeps.jpg,190,12,100,91,194,25,214,36,219,45,261,48,268,38,285,26,241,82,242,89"
"./training_data/set10/SWhAdDNLMG5zdGFuVGlWepdvNYN0Phg3o9qHJadjruQ-ERwfs1CBNRfJrGtPhtBpZn_r8acjQpleE2oNN7KVi2_JLCYqekUcCqXPgdF2GoLl02xE0vTZ7MYhvcttm1BV.jpg,38,35,188,159,42,118,91,109,103,130,180,118,184,90,217,40,149,168,151,179"
"./training_data/set10/Texel%20Sheep%20on%20Spout%20House%20Farm%20compressed.jpg,703,473,148,127,706,492,729,502,738,511,802,519,809,508,847,505,783,576,781,589"
"./training_data/set10/Texel%20Sheep%20on%20Spout%20House%20Farm%20compressed.jpg,281,283,101,85,286,294,308,302,313,312,354,314,358,307,379,297,334,351,334,358"
"./training_data/set10/three_sheep_scotland_3236x2082.jpg,878,340,91,83,881,353,903,369,905,377,943,378,949,371,971,351,920,406,923,411"
"./training_data/set10/three_sheep_scotland_3236x2082.jpg,76,423,95,69,79,432,100,442,105,449,144,447,150,441,167,429,124,480,125,487"
"./training_data/set10/three_sheep_scotland_3236x2082.jpg,467,370,81,83,473,379,492,394,493,404,528,402,534,391,546,376,505,438,508,444"
"./training_data/set10/Welsh_Sheep.jpg,255,105,83,63,260,112,276,122,281,124,317,125,324,122,336,111,295,152,295,160"
