"imgName, bx, by, w, h, 8 points(xi, yi)"
"./training_data/set7/commodities-sheep-meat.html_PHOTO.jpg,195,213,61,52,199,225,211,223,215,229,240,231,244,225,256,229,224,252,225,260"
"./training_data/set7/commodities-sheep-meat.html_PHOTO.jpg,273,191,43,37,275,198,283,198,284,201,304,202,307,199,314,200,285,216,286,222"
"./training_data/set7/cute-baby-sheep.jpg,33,37,196,159,41,117,95,97,103,128,181,114,180,82,218,42,149,169,151,181"
"./training_data/set7/depositphotos_1596239-Herd-of-sheep.jpg,17,338,251,176,23,351,80,384,100,393,200,392,210,384,261,359,168,474,168,494"
"./training_data/set7/depositphotos_1596239-Herd-of-sheep.jpg,744,302,210,200,751,307,780,360,786,381,881,392,896,383,952,357,814,458,814,479"
"./training_data/set7/depositphotos_2834859-Sheep.jpg,155,626,107,74,158,636,182,638,189,641,229,646,236,642,257,640,211,677,211,690"
"./training_data/set7/depositphotos_2834859-Sheep.jpg,482,714,144,99,487,742,518,741,523,740,584,740,591,744,619,748,547,777,547,794"
"./training_data/set7/depositphotos_2834859-Sheep.jpg,918,697,70,51,920,724,934,723,941,717,968,708,973,711,986,704,969,720,971,728"
"./training_data/set7/dolly_cloned_sheep.jpg,115,42,106,90,119,53,141,62,148,76,189,75,194,62,215,54,170,111,168,120"
"./training_data/set7/dolly_cloned_sheep.jpg,384,44,103,87,389,53,406,63,414,75,456,74,462,61,483,56,436,112,436,121"
"./training_data/set7/Domestic_sheep_wallpaper.jpg,654,280,645,381,656,388,834,388,873,393,1075,421,1110,435,1288,470,943,562,939,607"
"./training_data/set7/dorsets.jpg,604,383,180,147,611,401,634,410,666,440,731,446,742,412,776,403,704,502,705,518"
"./training_data/set7/dorsets.jpg,6,263,116,73,11,281,31,285,40,288,84,286,93,285,114,279,61,308,60,318"
"./training_data/set7/English+Sheep.jpg,282,123,377,306,292,149,375,197,389,213,546,220,557,200,650,153,462,344,462,375"
"./training_data/set7/GD8280534@Herdwick-sheep-in-the-4887.jpg,73,108,96,64,79,127,98,125,102,132,137,135,143,127,162,127,115,157,117,165"
"./training_data/set7/herd-sheep-9223815.jpg,7,342,325,218,17,378,110,389,124,397,238,405,248,383,321,356,178,507,179,536"
"./training_data/set7/herd-sheep-9223815.jpg,562,344,275,263,574,356,623,419,635,444,759,448,772,430,823,373,696,555,697,579"
"./training_data/set7/herd-sheep-9223815.jpg,976,312,278,215,986,346,1051,355,1064,371,1174,373,1190,354,1248,342,1115,471,1116,496"
"./training_data/set7/herd-sheep-9223815.jpg,392,88,224,177,398,98,452,135,471,147,561,147,573,127,610,92,515,221,515,240"
