"imgName, bx, by, w, h, 8 points(xi, yi)"
"./training_data/set8/114781031_9cb9208a6b.jpg,209,239,75,51,212,249,224,251,234,255,261,253,268,249,278,244,251,275,251,282"
"./training_data/set8/114781031_9cb9208a6b.jpg,397,228,74,55,400,238,414,243,421,248,449,247,456,243,469,236,437,271,437,277"
"./training_data/set8/114781031_9cb9208a6b.jpg,158,215,63,49,163,227,172,227,180,231,205,230,210,226,219,224,199,248,198,254"
"./training_data/set8/114781031_9cb9208a6b.jpg,329,174,56,43,332,182,340,184,348,187,371,187,375,183,384,182,362,202,363,210"
"./training_data/set8/114781031_9cb9208a6b.jpg,235,54,43,38,238,61,246,65,251,67,266,65,270,62,277,58,260,75,261,82"
"./training_data/set8/114781031_9cb9208a6b.jpg,319,56,43,34,320,62,327,63,331,67,347,65,352,63,359,61,337,77,339,81"
"./training_data/set8/114781031_9cb9208a6b.jpg,358,59,49,41,359,71,367,71,372,75,389,73,395,70,402,67,378,87,378,92"
"./training_data/set8/114781031_9cb9208a6b.jpg,123,59,44,39,128,69,135,69,139,72,157,71,159,68,166,67,150,85,151,89"
"./training_data/set8/114781031_9cb9208a6b.jpg,33,170,61,43,36,182,45,185,54,188,76,188,79,185,88,181,70,200,69,204"
"./training_data/set8/114781031_9cb9208a6b.jpg,28,244,75,55,34,263,47,265,56,268,81,262,85,259,98,250,74,284,75,289"
"./training_data/set8/114781031_9cb9208a6b.jpg,11,124,53,41,16,139,27,139,29,141,47,138,53,136,59,133,29,152,33,158"
"./training_data/set8/40298766.CountingSheep.jpg,278,227,224,168,297,216,306,244,326,282,412,279,440,268,493,244,363,351,366,373"
"./training_data/set8/40298766.CountingSheep.jpg,338,452,230,174,343,485,393,501,406,508,497,504,517,485,564,463,439,586,441,608"
"./training_data/set8/40298766.CountingSheep.jpg,613,261,201,172,615,267,642,306,649,326,739,326,753,311,810,280,686,397,687,416"
"./training_data/set8/40298766.CountingSheep.jpg,522,149,201,154,539,139,546,171,567,195,646,199,665,189,708,168,606,269,606,287"
"./training_data/set8/40298766.CountingSheep.jpg,35,213,244,153,32,236,81,244,115,263,200,262,223,249,272,235,152,327,153,345"
"./training_data/set8/40298766.CountingSheep.jpg,731,177,174,110,718,170,746,184,761,203,837,211,857,203,893,198,775,255,775,274"
"./training_data/set8/article-0-14215CE0000005DC-388_468x602.jpg,108,69,257,232,115,95,170,109,181,135,286,130,300,111,359,95,232,258,235,281"
"./training_data/set8/baby-sheep.jpg,99,35,186,115,104,58,147,71,159,82,223,80,233,68,275,50,191,120,192,130"
"./training_data/set8/caption-sheep.jpg,280,398,150,115,283,418,314,423,325,426,385,426,392,423,427,418,356,483,357,496"
"./training_data/set8/curious-sheep-wallpapers_10924_2560x1600.jpg,740,249,512,275,740,310,878,315,913,315,1071,337,1106,335,1246,378,970,443,968,487"
"./training_data/set8/sheep-portrait_144.jpg,96,51,346,248,102,105,179,115,203,122,332,117,358,104,434,70,277,237,278,268"
"./training_data/set8/sheep.jpg,467,125,276,195,473,145,548,181,556,202,654,198,666,183,738,143,604,274,604,295"
"./training_data/set8/sheep.jpg,153,35,244,223,186,49,250,68,246,101,312,111,343,82,336,51,175,205,189,235"
"./training_data/set8/sheep_smile_by_chrisellis211-d523m12.jpg,312,67,905,685,330,86,553,248,629,283,978,309,993,266,1209,212,888,601,859,678"
"./training_data/set8/SheepDayPic.jpg,169,59,145,110,173,69,202,83,214,103,271,107,284,94,314,85,240,146,239,157"
"./training_data/set8/SheepDayPic.jpg,4,80,130,96,6,94,29,101,44,119,94,119,109,103,131,94,69,156,69,163"
"./training_data/set8/SheepDayPic.jpg,104,7,90,68,108,18,128,24,133,37,169,37,174,23,191,16,153,63,153,72"
