./images/0.jpg 441 153 423 392 450 176 552 254 599 276 772 297 778 264 853 223 757 484 745 514
./images/1.jpg 33 170 61 43 36 182 45 185 54 188 76 188 79 185 88 181 70 200 69 204
./images/2.jpg 218 157 897 612 223 209 474 267 495 310 791 370 834 368 1110 397 534 684 529 737
./images/3.jpg 267 119 880 751 285 163 518 245 517 303 860 310 944 255 1129 140 564 772 587 828
./images/4.jpg 126 123 821 645 131 130 363 299 402 357 697 347 710 290 942 183 597 710 596 744
./images/5.jpg 600 309 229 198 609 325 657 349 654 371 760 372 780 358 816 327 669 462 672 484
./images/6.jpg 414 330 451 422 429 356 525 394 549 434 743 455 756 422 855 433 675 694 669 727
./images/7.jpg 441 215 470 466 446 209 541 318 571 386 783 378 788 326 913 260 697 641 697 672
./images/8.jpg 451 169 724 598 461 228 589 274 655 360 983 321 967 241 1162 187 950 678 937 722
./images/9.jpg 522 208 630 588 533 217 648 344 649 410 929 425 950 376 1133 289 731 727 736 775
./images/10.jpg 426 265 502 398 436 325 550 329 568 353 786 339 802 308 919 276 677 608 679 640
./images/11.jpg 328 185 207 188 337 195 372 228 377 247 483 250 492 229 527 198 430 339 429 357
./images/12.jpg 119 121 1100 787 143 204 395 262 480 299 886 294 916 261 1200 226 689 797 691 863
./images/13.jpg 213 187 436 357 213 247 318 301 314 321 511 313 530 310 643 201 352 451 358 503
./images/14.jpg 342 188 755 576 357 213 562 282 563 336 869 362 909 316 1086 267 641 704 648 743
./images/15.jpg 213 457 430 365 219 489 322 525 334 549 510 551 538 529 627 474 377 771 387 798
./images/16.jpg 163 60 1141 926 188 109 470 167 481 266 956 332 1042 231 1299 239 525 901 541 962
./images/17.jpg 240 183 100 110 251 193 261 210 262 227 299 230 312 217 324 191 263 270 266 281
./images/18.jpg 289 170 793 690 303 207 495 270 504 339 867 353 903 287 1064 249 634 775 630 831
./images/19.jpg 366 146 617 546 374 184 536 266 582 282 843 290 847 256 973 195 866 616 849 660
./images/20.jpg 269 168 747 695 285 239 463 316 489 380 831 370 845 295 1004 194 672 765 674 816
./images/21.jpg 235 54 43 38 238 61 246 65 251 67 266 65 270 62 277 58 260 75 261 82
./images/22.jpg 392 242 498 474 408 367 549 400 568 421 788 390 802 367 880 251 699 648 706 683
./images/23.jpg 458 303 68 55 462 315 475 316 480 327 505 326 512 319 524 319 491 340 492 350
./images/24.jpg 710 507 225 162 720 527 768 551 780 582 861 586 874 557 927 532 816 639 814 655
./images/25.jpg 520 279 407 437 529 356 606 427 622 415 847 385 858 392 917 299 797 626 802 665
./images/26.jpg 198 55 649 794 214 347 379 404 406 471 753 422 731 314 849 35 677 752 681 803
./images/27.jpg 345 98 624 656 346 120 499 230 498 315 781 351 806 288 981 211 576 709 577 739
./images/28.jpg 153 35 244 223 186 49 250 68 246 101 312 111 343 82 336 51 175 205 189 235
./images/29.jpg 491 387 272 172 499 446 573 485 582 479 682 469 697 455 753 395 623 513 626 533
./images/30.jpg 367 95 724 578 379 115 552 223 567 282 888 290 885 231 1084 157 752 585 749 632
./images/31.jpg 514 278 136 181 520 308 556 335 551 361 612 368 630 341 646 287 554 431 554 444
./images/32.jpg 226 316 275 230 235 364 301 364 306 382 420 383 437 367 501 352 355 525 358 537
./images/33.jpg 612 326 199 157 621 343 656 363 669 376 760 376 771 360 804 343 712 437 713 456
./images/34.jpg 284 160 585 537 287 260 424 304 453 351 717 332 729 262 862 183 639 617 637 661
./images/35.jpg 234 341 526 492 247 473 400 485 451 539 648 492 649 433 747 353 651 799 641 821
./images/36.jpg 454 303 326 285 464 320 535 389 559 395 708 407 714 392 773 346 684 519 680 553
./images/37.jpg 23 30 329 193 35 83 119 94 135 88 242 87 257 94 337 81 197 158 201 183
./images/38.jpg 255 262 82 65 260 273 275 276 281 286 313 288 320 280 334 276 297 304 297 313
./images/39.jpg 289 173 665 472 295 186 487 247 491 305 746 320 763 256 937 225 579 601 581 629
./images/40.jpg 387 111 618 664 403 203 552 224 565 325 862 301 881 194 989 124 730 723 736 756
./images/41.jpg 3 95 272 180 9 125 63 148 88 148 197 140 212 145 265 144 153 225 153 247
./images/42.jpg 566 261 264 216 569 279 633 294 644 320 751 319 761 294 824 272 708 455 709 470
./images/43.jpg 316 113 753 789 333 194 511 209 515 313 800 354 917 247 1027 235 494 844 535 883
./images/44.jpg 123 59 44 39 128 69 135 69 139 72 157 71 159 68 166 67 150 85 151 89
./images/45.jpg 73 108 96 64 79 127 98 125 102 132 137 135 143 127 162 127 115 157 117 165
./images/46.jpg 3 78 487 313 13 113 114 120 150 137 338 136 379 140 476 114 250 264 246 308
./images/47.jpg 265 75 752 729 280 78 452 273 461 345 807 349 835 291 1000 141 585 695 593 763
./images/48.jpg 212 120 824 670 243 158 398 308 471 373 805 347 797 265 1024 135 778 672 773 729
./images/49.jpg 294 145 552 643 310 297 351 363 468 410 695 349 646 281 818 161 834 648 823 703
