./sheepimages/data1/set21/CIMG6002_-_SHEEP_#8.jpg 441 153 423 392 450 176 552 254 599 276 772 297 778 264 853 223 757 484 745 514
./sheepimages/data2/set8/114781031_9cb9208a6b.jpg 33 170 61 43 36 182 45 185 54 188 76 188 79 185 88 181 70 200 69 204
./sheepimages/data1/set27/CIMG2737_-_SHEEP_#1.jpg 218 157 897 612 223 209 474 267 495 310 791 370 834 368 1110 397 534 684 529 737
./sheepimages/data1/set26/CIMG1814_-_SHEEP_#8.jpg 267 119 880 751 285 163 518 245 517 303 860 310 944 255 1129 140 564 772 587 828
./sheepimages/data1/set23/CIMG2033_-_SHEEP_#5.jpg 126 123 821 645 131 130 363 299 402 357 697 347 710 290 942 183 597 710 596 744
./sheepimages/data1/set35/CIMG5047_-_SHEEP_#4.jpg 600 309 229 198 609 325 657 349 654 371 760 372 780 358 816 327 669 462 672 484
./sheepimages/data1/set14/CIMG5212_-_SHEEP_#18.jpg 414 330 451 422 429 356 525 394 549 434 743 455 756 422 855 433 675 694 669 727
./sheepimages/data1/set33/CIMG3206_-_SHEEP_#2.jpg 441 215 470 466 446 209 541 318 571 386 783 378 788 326 913 260 697 641 697 672
./sheepimages/data1/set7/CIMG2118_-_SHEEP_#14.jpg 451 169 724 598 461 228 589 274 655 360 983 321 967 241 1162 187 950 678 937 722
./sheepimages/data1/set11/CIMG3468_-_SHEEP_#39.jpg 522 208 630 588 533 217 648 344 649 410 929 425 950 376 1133 289 731 727 736 775
./sheepimages/data1/set18/CIMG4560_-_SHEEP_#4.jpg 426 265 502 398 436 325 550 329 568 353 786 339 802 308 919 276 677 608 679 640
./sheepimages/data2/set10/Sheep_2B1.jpg 328 185 207 188 337 195 372 228 377 247 483 250 492 229 527 198 430 339 429 357
./sheepimages/data1/set22/CIMG1521_-_SHEEP_#4.jpg 119 121 1100 787 143 204 395 262 480 299 886 294 916 261 1200 226 689 797 691 863
./sheepimages/data1/set1/CIMG1010_-_Sheep_#4.jpg 213 187 436 357 213 247 318 301 314 321 511 313 530 310 643 201 352 451 358 503
./sheepimages/data1/set5/CIMG1460_-_SHEEP_#7.jpg 342 188 755 576 357 213 562 282 563 336 869 362 909 316 1086 267 641 704 648 743
./sheepimages/data1/set21/CIMG4618__-_SHEEP_#1.jpg 213 457 430 365 219 489 322 525 334 549 510 551 538 529 627 474 377 771 387 798
./sheepimages/data1/set10/CIMG4360_-_SHEEP_#4.jpg 163 60 1141 926 188 109 470 167 481 266 956 332 1042 231 1299 239 525 901 541 962
./sheepimages/data2/set9/wicklow-mountains-sheep-58.4.jpg 240 183 100 110 251 193 261 210 262 227 299 230 312 217 324 191 263 270 266 281
./sheepimages/data1/set24/CIMG1798_-_SHEEP_#2.jpg 289 170 793 690 303 207 495 270 504 339 867 353 903 287 1064 249 634 775 630 831
./sheepimages/data1/set23/CIMG5313_-_SHEEP_#9.jpg 366 146 617 546 374 184 536 266 582 282 843 290 847 256 973 195 866 616 849 660
./sheepimages/data1/set30/CIMG3596_-_SHEEP_#1.jpg 269 168 747 695 285 239 463 316 489 380 831 370 845 295 1004 194 672 765 674 816
./sheepimages/data2/set8/114781031_9cb9208a6b.jpg 235 54 43 38 238 61 246 65 251 67 266 65 270 62 277 58 260 75 261 82
./sheepimages/data1/set34/CIMG3067_-_SHEEP_#9.jpg 392 242 498 474 408 367 549 400 568 421 788 390 802 367 880 251 699 648 706 683
./sheepimages/data2/set1/img2004-10-27-084420.jpg 458 303 68 55 462 315 475 316 480 327 505 326 512 319 524 319 491 340 492 350
./sheepimages/data2/set6/sheep-lamb-cute.jpg 710 507 225 162 720 527 768 551 780 582 861 586 874 557 927 532 816 639 814 655
./sheepimages/data1/set22/CIMG5189_-_SHEEP_#7.jpg 520 279 407 437 529 356 606 427 622 415 847 385 858 392 917 299 797 626 802 665
./sheepimages/data1/set14/CIMG2534_-_SHEEP_#27.jpg 198 55 649 794 214 347 379 404 406 471 753 422 731 314 849 35 677 752 681 803
./sheepimages/data1/set31/CIMG3107_-_SHEEP_#2.jpg 345 98 624 656 346 120 499 230 498 315 781 351 806 288 981 211 576 709 577 739
./sheepimages/data2/set8/sheep.jpg 153 35 244 223 186 49 250 68 246 101 312 111 343 82 336 51 175 205 189 235
./sheepimages/data2/set6/sheep5.jpg 491 387 272 172 499 446 573 485 582 479 682 469 697 455 753 395 623 513 626 533
./sheepimages/data1/set3/CIMG1075_-_SHEEP_#20.jpg 367 95 724 578 379 115 552 223 567 282 888 290 885 231 1084 157 752 585 749 632
./sheepimages/data2/set9/wicklow-mountains-sheep-58.4.jpg 514 278 136 181 520 308 556 335 551 361 612 368 630 341 646 287 554 431 554 444
./sheepimages/data1/set34/CIMG3388_-_SHEEP_#_5.jpg 226 316 275 230 235 364 301 364 306 382 420 383 437 367 501 352 355 525 358 537
./sheepimages/data2/set9/Shetland-sheep-Coconut_0597.jpg 612 326 199 157 621 343 656 363 669 376 760 376 771 360 804 343 712 437 713 456
./sheepimages/data1/set29/CIMG1779_-_SHEEP_#9.jpg 284 160 585 537 287 260 424 304 453 351 717 332 729 262 862 183 639 617 637 661
./sheepimages/data1/set4/CIMG1311.jpg 234 341 526 492 247 473 400 485 451 539 648 492 649 433 747 353 651 799 641 821
./sheepimages/data1/set14/CIMG5884_-_SHEEP_#_34.jpg 454 303 326 285 464 320 535 389 559 395 708 407 714 392 773 346 684 519 680 553
./sheepimages/data2/set4/close-up-sheep-21834719.jpg 23 30 329 193 35 83 119 94 135 88 242 87 257 94 337 81 197 158 201 183
./sheepimages/data2/set1/img2004-10-27-084420.jpg 255 262 82 65 260 273 275 276 281 286 313 288 320 280 334 276 297 304 297 313
./sheepimages/data1/set1/CIMG1000_-_Sheep_#5.jpg 289 173 665 472 295 186 487 247 491 305 746 320 763 256 937 225 579 601 581 629
./sheepimages/data1/set26/CIMG1828_-_SHEEP_#7.jpg 387 111 618 664 403 203 552 224 565 325 862 301 881 194 989 124 730 723 736 756
./sheepimages/data2/set6/sheep3-copy.jpg 3 95 272 180 9 125 63 148 88 148 197 140 212 145 265 144 153 225 153 247
./sheepimages/data1/set20/CIMG4641__-_SHEEP_#7.jpg 566 261 264 216 569 279 633 294 644 320 751 319 761 294 824 272 708 455 709 470
./sheepimages/data1/set17/CIMG4362_-_SHEEP_#4.jpg 316 113 753 789 333 194 511 209 515 313 800 354 917 247 1027 235 494 844 535 883
./sheepimages/data2/set8/114781031_9cb9208a6b.jpg 123 59 44 39 128 69 135 69 139 72 157 71 159 68 166 67 150 85 151 89
./sheepimages/data2/set7/GD8280534@Herdwick-sheep-in-the-4887.jpg 73 108 96 64 79 127 98 125 102 132 137 135 143 127 162 127 115 157 117 165
./sheepimages/data2/set5/a_20sheep.jpg 3 78 487 313 13 113 114 120 150 137 338 136 379 140 476 114 250 264 246 308
./sheepimages/data1/set27/CIMG1838_-_SHEEP_#5.jpg 265 75 752 729 280 78 452 273 461 345 807 349 835 291 1000 141 585 695 593 763
./sheepimages/data1/set11/CIMG2556_-_SHEEP_#26.jpg 212 120 824 670 243 158 398 308 471 373 805 347 797 265 1024 135 778 672 773 729
./sheepimages/data1/set8/CIMG2540_-_SHEEP_#22.jpg 294 145 552 643 310 297 351 363 468 410 695 349 646 281 818 161 834 648 823 703
./sheepimages/data2/set5/Sheep-002-Wm.jpg 154 46 236 197 162 77 215 97 225 116 329 112 336 92 380 53 276 192 279 213
./sheepimages/data1/set33/CIMG3225_-_SHEEP_#7.jpg 351 144 545 510 365 157 505 244 499 287 696 347 777 338 881 330 404 561 412 605
./sheepimages/data1/set13/CIMG3764_-_SHEEP_#_37.jpg 316 167 550 507 321 317 440 363 457 359 706 345 711 298 850 179 596 622 595 654
./sheepimages/data1/set11/CIMG3716_-_SHEEP_#_32.jpg 186 273 420 388 196 319 291 358 278 389 461 391 503 361 595 296 243 579 253 619
./sheepimages/data1/set7/CIMG2817_-_SHEEP_#22.jpg 329 221 582 505 342 281 501 363 511 403 749 384 761 348 891 241 645 635 651 669
./sheepimages/data1/set14/CIMG3478_-_SHEEP_#30.jpg 321 160 409 600 326 170 435 332 453 382 727 387 711 300 709 193 659 689 653 731
./sheepimages/data1/set36/CIMG3371_-_SHEEP_#_6.jpg 336 312 584 395 352 383 506 390 514 379 726 395 748 424 911 445 576 642 579 675
./sheepimages/data1/set20/CIMG4471_-_SHEEP_#5.jpg 622 156 334 320 629 165 672 237 680 252 832 273 854 260 946 207 703 397 703 432
./sheepimages/data1/set23/CIMG4526_-_SHEEP_#6.jpg 12 225 308 225 14 254 100 272 106 288 229 280 243 264 309 235 176 420 176 441
./sheepimages/data2/set1/Lleyn_sheep.jpg 595 103 218 165 599 127 644 135 655 150 747 151 753 133 801 116 715 227 716 245
./sheepimages/data2/set9/Sheep0003.jpg 7 92 519 336 18 144 134 182 159 221 372 209 395 185 515 119 246 330 248 375
./sheepimages/data1/set18/CIMG5861_-_SHEEP_#_37.jpg 432 335 350 284 437 357 528 407 537 431 688 433 695 401 773 354 620 577 620 603
./sheepimages/data1/set6/CIMG1586_-_SHEEP_#7.jpg 65 169 992 649 81 314 367 380 401 374 786 355 809 326 1043 199 637 709 641 773
./sheepimages/data1/set27/CIMG3202_-_SHEEP_#9.jpg 354 216 738 523 375 245 561 306 571 355 853 365 881 331 1067 281 671 653 675 697
./sheepimages/data1/set18/CIMG3752_-_SHEEP_#_40.jpg 368 339 434 442 452 334 477 426 440 494 632 510 684 482 792 404 397 710 407 752
./sheepimages/data1/set15/CIMG4866.jpg 364 208 424 349 386 234 470 258 466 283 635 290 681 292 777 227 406 469 419 508
./sheepimages/data2/set3/07_48_2---Sheep-and-Lambs_web.jpg 207 169 71 52 212 181 226 189 232 194 255 194 261 188 273 174 241 206 242 211
./sheepimages/data2/set3/10883960_mother_sheep_and_her_lamb.jpg 124 64 257 194 135 99 193 113 206 120 311 117 321 104 375 78 261 206 262 233
./sheepimages/data2/set7/depositphotos_2834859-Sheep.jpg 482 714 144 99 487 742 518 741 523 740 584 740 591 744 619 748 547 777 547 794
./sheepimages/data2/set9/sheephome.jpg 181 35 55 63 188 45 195 56 200 64 220 64 222 57 234 53 209 84 209 90
./sheepimages/data2/set10/1aax8.jpg 249 22 108 86 254 33 278 40 283 53 326 52 333 46 355 38 303 87 303 95
./sheepimages/data2/set8/caption-sheep.jpg 280 398 150 115 283 418 314 423 325 426 385 426 392 423 427 418 356 483 357 496
./sheepimages/data1/set3/CIMG1113_-_Sheep_#_18.jpg 333 36 772 627 358 64 533 196 541 236 862 289 877 254 1084 207 687 570 683 632
./sheepimages/data2/set2/Porkeri_sheep.jpg 287 226 242 226 298 249 337 265 354 303 459 311 476 276 525 264 397 399 396 423
./sheepimages/data2/set10/three_sheep_scotland_3236x2082.jpg 76 423 95 69 79 432 100 442 105 449 144 447 150 441 167 429 124 480 125 487
./sheepimages/data1/set22/CIMG4501_-_SHEEP_#7.jpg 389 214 517 442 397 267 513 287 533 328 753 322 787 281 890 234 629 609 634 635
./sheepimages/data1/set19/CIMG5205_-_SHEEP_#8.jpg 473 260 494 465 481 278 541 367 558 377 799 391 819 366 961 314 705 647 701 690
./sheepimages/data1/set14/CIMG4881.jpg 504 235 324 348 520 260 604 314 620 339 798 347 790 300 819 237 761 533 754 565
./sheepimages/data1/set32/CIMG3373_-_SHEEP_#_6.jpg 326 226 645 460 328 322 513 331 529 315 768 344 782 371 971 403 604 622 601 657
./sheepimages/data1/set28/CIMG3228_-_SHEEP_#7.jpg 482 206 635 563 488 213 649 327 661 396 910 438 949 401 1121 417 703 717 704 749
./sheepimages/data2/set4/sheep_with_lamb.jpg 989 339 255 145 992 356 1053 378 1070 390 1154 394 1172 379 1236 367 1105 444 1105 463
./sheepimages/data1/set23/DC_3371-SHEEP#9.jpg 388 337 406 324 393 370 488 415 506 424 679 434 693 422 784 382 581 608 583 640
./sheepimages/data1/set9/CIMG2144_-_SHEEP_#15.jpg 196 248 743 572 207 307 385 357 387 426 726 424 780 353 926 281 476 715 489 767
./sheepimages/data1/set33/CIMG3372_-_SHEEP_#_6.jpg 431 259 552 422 424 337 581 344 603 351 806 396 827 410 980 460 650 639 645 671
./sheepimages/data1/set6/CIMG1695.jpg 7 27 1179 915 12 221 344 273 413 301 872 275 871 183 1167 81 776 825 776 897
./sheepimages/data1/set2/CIMG1031_-_Sheep_#2.jpg 257 139 604 518 257 380 472 452 512 466 714 335 656 298 652 149 819 572 828 609
./sheepimages/data1/set16/CIMG3429_-_SHEEP_#33.jpg 544 338 328 297 552 358 638 387 632 423 783 431 801 399 866 368 654 584 658 612
./sheepimages/data1/set19/CIMG4512_-_SHEEP_#6.jpg 535 234 259 187 546 263 600 278 615 294 722 290 731 272 788 247 671 394 672 408
./sheepimages/data2/set3/Sheep-cumbria.jpg 679 172 247 203 690 191 744 219 750 243 859 242 866 214 918 187 807 324 807 350
./sheepimages/data1/set25/CIMG2726_-_SHEEP_#9.jpg 172 252 466 489 182 366 291 403 337 434 543 391 524 336 619 262 594 677 585 713
./sheepimages/data1/set28/CIMG5043_-_SHEEP_#4.jpg 598 397 190 175 604 420 644 443 651 460 738 452 745 437 783 409 693 538 695 555
./sheepimages/data2/set7/herd-sheep-9223815.jpg 562 344 275 263 574 356 623 419 635 444 759 448 772 430 823 373 696 555 697 579
./sheepimages/data1/set1/CIMG1002_-_Sheep_#5.jpg 155 222 941 747 158 294 440 392 455 437 828 410 836 361 1084 243 648 872 649 946
./sheepimages/data1/set4/CIMG1130_-_Sheep_#_15.jpg 433 198 539 474 448 222 569 316 592 357 843 380 836 336 965 276 766 596 758 639
./sheepimages/data1/set29/CIMG2742_-_SHEEP_#1.jpg 436 61 722 474 433 137 639 141 657 164 914 177 947 154 1169 163 730 487 733 514
./sheepimages/data2/set8/sheep-portrait_144.jpg 96 51 346 248 102 105 179 115 203 122 332 117 358 104 434 70 277 237 278 268
./sheepimages/data2/set2/our-own-personal-sheep.jpg 374 595 142 130 386 622 408 630 426 650 482 640 471 616 512 600 480 701 477 713
./sheepimages/data1/set25/CIMG1790_-_SHEEP_#4.jpg 181 90 884 676 186 152 433 198 450 250 818 261 850 213 1080 204 614 675 619 735
./sheepimages/data1/set14/CIMG3767_-_SHEEP_#_37.jpg 353 165 570 440 356 315 546 334 631 319 823 295 810 256 919 167 881 534 865 570
./sheepimages/data2/set7/dolly_cloned_sheep.jpg 384 44 103 87 389 53 406 63 414 75 456 74 462 61 483 56 436 112 436 121
./sheepimages/data1/set28/CIMG3390_-_SHEEP_#_5.jpg 550 284 503 416 560 374 667 355 711 388 915 379 925 339 1060 316 860 669 850 691
./sheepimages/data1/set38/CIMG2738_-_SHEEP_#1.jpg 223 86 826 524 209 168 468 166 501 192 798 191 805 157 1070 158 686 542 675 588
./sheepimages/data2/set8/114781031_9cb9208a6b.jpg 158 215 63 49 163 227 172 227 180 231 205 230 210 226 219 224 199 248 198 254
./sheepimages/data1/set16/CIMG2113_-_SHEEP_#16.jpg 372 92 789 741 388 198 566 274 571 338 985 300 991 210 1130 116 818 716 828 770
./sheepimages/data1/set30/CIMG3205_-_SHEEP_#2.jpg 225 125 510 448 230 146 359 210 376 271 590 261 611 206 726 141 484 523 488 555
./sheepimages/data2/set6/sheep2.jpg 13 161 176 138 23 185 61 198 67 213 145 206 154 192 184 171 88 267 90 284
./sheepimages/data2/set5/sheep-redorbit.jpg 26 40 561 353 38 75 174 122 197 132 420 138 440 128 574 97 311 237 307 280
./sheepimages/data1/set30/CIMG5053_-_SHEEP_#2.jpg 1044 371 184 158 1047 382 1084 406 1084 423 1173 429 1187 419 1228 390 1105 496 1105 512
./sheepimages/data1/set25/CIMG1775_-_SHEEP_#9.jpg 496 34 569 616 508 43 553 156 556 239 852 248 892 211 1060 115 636 551 640 604
./sheepimages/data1/set32/CIMG1776_-_SHEEP_#9.jpg 556 89 575 652 565 132 684 259 720 301 1050 287 1050 211 1130 99 962 637 957 696
./sheepimages/data1/set21/CIMG1534_-_SHEEP_#5.jpg 9 190 1092 802 12 326 384 381 441 358 834 342 841 368 1086 268 849 923 841 970
./sheepimages/data1/set10/CIMG3474_-_SHEEP_#40.jpg 467 271 482 403 476 307 589 374 601 409 818 402 823 365 936 286 743 590 740 631
./sheepimages/data2/set5/sheep-on-farm-in-grass-field-on-sunny-March-day-at-Neals-Farm-Checkendon-Oxfordshire-England-3-DHD.jpg 1181 276 84 67 1188 285 1203 291 1208 299 1236 301 1242 293 1259 288 1221 321 1220 332
./sheepimages/data1/set35/CIMG3099_-_SHEEP_#1.jpg 421 144 681 590 432 257 619 307 639 323 938 302 949 273 1088 157 844 678 840 715
./sheepimages/data1/set19/CIMG4464_-_SHEEP_#1.jpg 41 137 479 438 47 152 149 243 166 278 375 278 413 246 514 179 264 528 269 556
./sheepimages/data2/set2/romney-merino-sheep.jpg 508 225 54 38 512 236 522 236 547 237 556 237 528 239 543 239 538 249 537 255
./sheepimages/data1/set28/CIMG3401_-_SHEEP_#_3.jpg 459 218 435 423 459 240 565 295 574 344 773 344 787 311 892 271 661 608 660 630
./sheepimages/data1/set3/CIMG1078_-_SHEEP_#13.jpg 607 103 521 413 617 121 732 194 715 235 938 284 963 256 1125 196 739 439 737 478
./sheepimages/data2/set10/sheep_lambs.jpg 154 134 151 124 158 137 178 166 184 180 253 182 269 169 303 140 206 234 208 246
./sheepimages/data1/set33/CIMG3396_-_SHEEP_#_3.jpg 482 254 351 369 500 263 571 322 560 367 708 385 754 348 815 318 550 584 563 605
./sheepimages/data1/set8/CIMG2485_-_SHEEP_#28.jpg 429 243 600 532 441 323 589 370 588 440 839 439 869 365 1019 254 682 715 688 751
./sheepimages/data2/set9/wallpaper-of-Sheep-608.jpg 342 35 154 136 349 86 391 93 403 110 459 97 465 77 491 41 435 148 438 157
./sheepimages/data2/set7/herd-sheep-9223815.jpg 976 312 278 215 986 346 1051 355 1064 371 1174 373 1190 354 1248 342 1115 471 1116 496
./sheepimages/data2/set10/three_sheep_scotland_3236x2082.jpg 467 370 81 83 473 379 492 394 493 404 528 402 534 391 546 376 505 438 508 444
./sheepimages/data2/set7/depositphotos_1596239-Herd-of-sheep.jpg 744 302 210 200 751 307 780 360 786 381 881 392 896 383 952 357 814 458 814 479
./sheepimages/data1/set31/CIMG3082_-_SHEEP_#8.jpg 92 171 444 504 154 152 180 264 133 346 328 372 390 310 533 192 125 636 139 659
./sheepimages/data1/set35/CIMG3382_-_SHEEP_#_1.jpg 346 382 346 349 358 451 434 497 471 511 623 487 601 457 676 391 666 673 660 704
./sheepimages/data1/set5/CIMG1468_-_SHEEP_#9.jpg 474 199 636 547 492 410 568 313 643 361 939 315 934 255 1097 263 1022 641 1014 701
./sheepimages/data1/set37/CIMG5051_-_SHEEP_#2.jpg 1003 380 180 155 1009 394 1040 418 1045 432 1126 437 1134 422 1174 403 1089 504 1088 520
./sheepimages/data1/set17/CIMG3447_-_SHEEP_#37.jpg 422 421 394 380 428 433 530 506 520 555 689 576 717 528 807 490 545 770 549 792
./sheepimages/data2/set8/114781031_9cb9208a6b.jpg 28 244 75 55 34 263 47 265 56 268 81 262 85 259 98 250 74 284 75 289
./sheepimages/data1/set36/CIMG3613_-_SHEEP_#2.jpg 371 163 866 800 381 317 558 287 618 414 993 396 995 255 1218 186 828 939 818 961
./sheepimages/data2/set2/sheep_four.jpg 59 48 171 102 64 71 106 84 115 93 174 90 187 83 225 64 139 113 140 127
./sheepimages/data2/set2/Romney_634_475_90.jpg 50 41 152 120 63 64 83 62 89 82 152 80 170 71 190 75 95 122 96 142
./sheepimages/data1/set3/CIMG1117_-_Sheep_#_17.jpg 134 137 691 636 148 201 383 339 420 353 752 333 753 263 814 148 690 652 688 715
./sheepimages/data1/set32/CIMG3097_-_SHEEP_#1.jpg 321 269 518 516 318 306 493 363 510 392 774 402 786 353 808 261 659 727 657 763
./sheepimages/data2/set8/SheepDayPic.jpg 104 7 90 68 108 18 128 24 133 37 169 37 174 23 191 16 153 63 153 72
./sheepimages/data1/set29/CIMG1830_-_SHEEP_#5.jpg 191 127 752 650 197 155 390 330 396 388 751 366 783 320 922 138 519 699 529 744
./sheepimages/data1/set1/CIMG1018_-_Sheep_#1.jpg 32 222 549 451 32 228 208 324 214 365 455 348 448 304 592 198 355 614 358 649
./sheepimages/data2/set5/Sheep-3copy.jpg 194 79 174 102 200 92 247 96 253 107 309 103 320 94 361 95 279 149 279 160
./sheepimages/data2/set7/herd-sheep-9223815.jpg 7 342 325 218 17 378 110 389 124 397 238 405 248 383 321 356 178 507 179 536
./sheepimages/data1/set36/CIMG3241_-_SHEEP_#6.jpg 181 85 732 634 198 123 420 151 400 257 668 304 760 218 901 218 393 666 416 697
./sheepimages/data2/set8/114781031_9cb9208a6b.jpg 397 228 74 55 400 238 414 243 421 248 449 247 456 243 469 236 437 271 437 277
./sheepimages/data1/set27/CIMG2711_-_SHEEP_#5.jpg 95 268 495 507 112 278 228 390 234 442 451 460 468 393 581 272 320 731 317 763
./sheepimages/data2/set5/hello-sheep.jpg 438 198 109 92 444 211 463 211 466 224 515 222 519 213 542 207 499 263 499 272
./sheepimages/data2/set3/07_05_33---Flock-of-Sheep_web.jpg 512 81 86 98 518 88 535 117 539 125 583 127 585 115 593 85 558 155 558 166
./sheepimages/data1/set8/CIMG2565_-_SHEEP_#23.jpg 441 64 737 787 463 76 651 248 601 364 949 430 1033 310 1155 204 623 742 626 802
./sheepimages/data1/set12/CIMG2901_-_SHEEP_#1.jpg 188 266 402 365 200 404 303 347 320 317 521 337 546 366 561 463 371 566 372 611
./sheepimages/data1/set34/CIMG3109_-_SHEEP_#2.jpg 109 125 505 474 124 151 251 229 267 296 478 286 485 225 609 146 390 569 389 590
./sheepimages/data1/set15/CIMG4556_-_SHEEP_#4.jpg 298 302 256 266 310 344 363 343 358 361 470 358 505 337 523 325 311 514 322 540
./sheepimages/data1/set31/CIMG3236_-_SHEEP_#6.jpg 409 210 718 577 408 362 602 340 637 416 916 399 934 300 1155 231 818 752 817 772
./sheepimages/data1/set9/CIMG2115_-_SHEEP_#16.jpg 403 218 805 775 405 234 564 371 564 486 976 558 996 465 1192 397 712 906 708 961
./sheepimages/data2/set9/SX18002_20Sheep_20and_20lamb.jpg 419 224 186 123 426 254 468 249 480 249 548 244 558 245 600 246 522 307 522 327
./sheepimages/data1/set27/CIMG3091_-_SHEEP_#3.jpg 203 240 438 421 201 300 332 364 352 403 538 383 547 339 643 238 462 637 466 653
./sheepimages/data1/set31/CIMG3090_-_SHEEP_#3.jpg 177 365 482 365 170 394 295 418 291 452 467 452 511 424 662 399 322 706 349 720
./sheepimages/data1/set2/CIMG1033_-_Sheep_#2.jpg 86 147 443 531 91 183 232 340 252 374 483 368 457 305 520 160 431 621 421 654
./sheepimages/data2/set6/sheep_20family.jpg 11 107 167 129 16 133 37 132 60 140 125 147 151 135 175 137 75 212 77 222
./sheepimages/data1/set20/CIMG5401_-_SHEEP_#6.jpg 306 264 573 367 312 301 471 349 497 338 706 341 718 343 869 294 630 567 631 607
./sheepimages/data2/set5/sheep-on-farm-in-grass-field-on-sunny-March-day-at-Neals-Farm-Checkendon-Oxfordshire-England-3-DHD.jpg 261 499 169 123 270 535 311 548 321 557 386 542 388 530 418 508 363 588 366 602
./sheepimages/data2/set5/Sheep-002-Wm.jpg 785 231 193 141 791 243 832 262 849 288 920 288 924 256 967 240 891 336 893 350
./sheepimages/data1/set9/CIMG2828_-_SHEEP_#24.jpg 411 93 568 520 416 197 560 263 577 303 838 259 844 211 965 102 753 508 754 559
./sheepimages/data1/set27/CIMG1789_-_SHEEP_#4.jpg 144 56 887 678 143 108 386 156 408 223 765 229 800 181 1035 170 558 645 566 699
./sheepimages/data1/set1/CIMG1008_-_Sheep_#4.jpg 368 178 688 569 361 208 578 278 602 334 913 304 907 242 1088 104 837 690 838 728
./sheepimages/data2/set1/IMG_0349.jpg 1106 136 131 111 1118 147 1129 161 1133 172 1188 167 1207 158 1233 143 1153 215 1154 227
./sheepimages/data1/set2/CIMG1027_-_Sheep_#6.jpg 212 328 346 285 218 330 308 398 306 420 455 429 462 408 558 347 371 555 368 582
./sheepimages/data1/set3/CIMG1081_-_SHEEP_#21.jpg 471 138 521 600 488 144 562 307 540 407 777 468 805 372 976 351 597 711 616 727
./sheepimages/data2/set5/sheep-on-farm-in-grass-field-on-sunny-March-day-at-Neals-Farm-Checkendon-Oxfordshire-England-3-DHD.jpg 115 396 125 82 121 404 145 414 153 423 202 424 209 419 233 404 176 451 177 463
./sheepimages/data2/set1/im1.jpg 13 7 232 164 12 11 71 30 75 52 164 70 186 62 246 64 74 145 72 164
./sheepimages/data1/set11/CIMG5956_-_SHEEP_#_30.jpg 407 416 395 371 419 425 528 464 513 521 698 525 720 477 793 448 570 751 585 777
./sheepimages/data2/set1/leicesterlongwool.jpg 12 21 97 73 17 32 37 31 42 37 82 40 89 37 107 35 55 74 55 81
./sheepimages/data2/set2/sheep_1612051c.jpg 299 30 103 79 307 47 328 48 333 55 369 57 374 47 394 49 351 86 352 96
./sheepimages/data1/set16/CIMG4950_-_SHEEP_#14.jpg 392 258 292 291 402 309 473 332 472 356 608 350 618 324 671 272 521 502 529 528
./sheepimages/data2/set6/Sheep1-1jyf79s.jpg 386 116 157 106 391 146 425 145 435 144 492 143 500 140 539 130 468 192 469 205
./sheepimages/data1/set19/CIMG2044_-_SHEEP_#2.jpg 216 247 904 555 225 310 493 328 525 371 830 357 871 322 1109 269 691 713 699 769
./sheepimages/data1/set6/CIMG1579_-_SHEEP_#9.jpg 460 77 735 734 459 331 658 201 648 319 997 357 1009 211 1179 370 781 780 783 799
./sheepimages/data1/set17/DC_3313-SHEEP#22.jpg 436 266 439 457 473 276 506 341 482 408 664 414 741 380 870 288 490 683 509 711
./sheepimages/data1/set29/CIMG1629_-_SHEEP_#4.jpg 206 146 901 640 220 195 470 224 485 288 828 283 858 232 1099 223 641 709 651 757
./sheepimages/data1/set26/CIMG3095_-_SHEEP_#5.jpg 294 278 486 370 280 316 425 347 444 376 644 375 659 349 794 324 542 602 544 631
./sheepimages/data1/set20/CIMG1885.jpg 367 177 402 352 379 190 468 245 467 272 631 327 659 314 759 294 464 469 462 502
./sheepimages/data2/set3/07_05_33---Flock-of-Sheep_web.jpg 319 96 95 94 329 109 348 125 351 138 386 135 394 125 409 105 362 168 364 178
./sheepimages/data1/set13/CIMG5256_-_SHEEP_#21.jpg 399 270 314 240 417 288 474 346 486 337 620 346 642 351 702 302 514 424 510 457
./sheepimages/data1/set29/CIMG3069_-_SHEEP_#7.jpg 460 319 394 354 439 396 558 414 592 442 753 414 754 372 862 333 746 646 741 663
./sheepimages/data2/set1/images.jpg 56 26 204 147 60 62 105 67 119 71 194 68 210 59 255 40 160 139 163 160
./sheepimages/data1/set11/CIMG2822_-_SHEEP_#28.jpg 173 184 465 408 182 226 301 298 324 335 528 311 521 265 629 194 492 527 493 560
./sheepimages/data1/set6/CIMG1875_-_SHEEP_#1.jpg 116 144 707 841 144 182 337 267 309 393 631 471 695 361 798 403 295 934 334 978
./sheepimages/data2/set2/1435sheep.300a.jpg 26 81 183 146 32 116 62 119 80 138 154 137 176 114 206 111 116 205 116 217
./sheepimages/data1/set14/CIMG5840_-_SHEEP_#_35.jpg 513 395 303 289 531 468 570 473 611 496 730 463 725 438 794 405 798 624 790 658
./sheepimages/data1/set24/CIMG1816_-_SHEEP_#8.jpg 625 286 411 379 630 303 723 346 730 387 894 404 926 384 1025 343 741 592 742 616
./sheepimages/data1/set15/CIMG5932_-_SHEEP_#_32.jpg 599 342 258 288 609 415 647 447 683 465 809 448 787 397 844 347 841 578 834 605
./sheepimages/data1/set36/CIMG3381_-_SHEEP_#_1.jpg 235 333 296 280 241 356 312 393 320 415 457 414 468 388 527 340 388 568 392 592
./sheepimages/data2/set3/1.jpg 113 106 73 50 124 111 134 122 137 122 160 122 165 121 181 116 149 141 148 147
./sheepimages/data1/set10/CIMG3440_-_SHEEP_#34.jpg 567 272 522 468 579 283 702 384 733 426 952 428 949 377 1080 311 903 678 891 709
./sheepimages/data1/set38/CIMG5064_-_SHEEP_#2.jpg 586 263 185 168 589 275 630 292 640 316 717 315 724 295 767 272 678 404 678 419
./sheepimages/data1/set15/CIMG5958_-_SHEEP_#_30.jpg 379 231 480 426 385 255 509 313 512 356 743 352 743 306 852 258 650 607 648 635
./sheepimages/data2/set4/sheep-1.jpg 462 124 288 198 472 145 545 180 554 198 651 198 670 182 737 137 601 272 603 291
./sheepimages/data1/set2/CIMG1021_-_Sheep_#3.jpg 88 333 460 513 95 353 230 458 245 539 475 545 456 460 528 315 375 804 369 835
./sheepimages/data2/set8/curious-sheep-wallpapers_10924_2560x1600.jpg 740 249 512 275 740 310 878 315 913 315 1071 337 1106 335 1246 378 970 443 968 487
./sheepimages/data2/set3/437225-sheep.jpg 345 22 136 116 355 37 381 54 387 59 442 59 449 50 473 36 420 105 420 119
./sheepimages/data1/set18/CIMG5955_-_SHEEP_#_30.jpg 472 258 411 418 477 271 574 338 569 373 741 410 790 369 871 323 531 610 544 649
./sheepimages/data1/set20/CIMG1283.jpg 433 266 472 413 444 332 551 332 571 390 764 387 771 321 895 311 690 665 688 673
./sheepimages/data1/set13/CIMG2825_-_SHEEP_#26.jpg 146 167 691 678 152 379 370 470 390 491 666 405 688 389 816 182 532 719 557 783
./sheepimages/data1/set8/CIMG2458_-_SHEEP_#27.jpg 395 197 722 649 409 303 602 407 627 482 924 482 950 382 1102 221 759 770 763 824
./sheepimages/data1/set12/CIMG2545_-_SHEEP_#22.jpg 559 156 505 496 564 273 640 282 698 347 917 304 894 238 1044 172 955 573 945 608
./sheepimages/data1/set2/CIMG1022_-_Sheep_#3.jpg 222 261 464 538 232 260 335 405 334 462 567 520 575 440 683 335 399 753 393 774
./sheepimages/data1/set10/CIMG2524_-_SHEEP_#29.jpg 343 229 614 552 350 245 479 355 503 403 799 399 794 332 945 258 696 697 698 730
./sheepimages/data2/set10/sheeps.jpg 190 12 100 91 194 25 214 36 219 45 261 48 268 38 285 26 241 82 242 89
./sheepimages/data1/set22/CIMG1414.jpg 324 204 994 710 328 322 574 309 648 372 1010 366 1039 301 1314 304 885 864 877 896
./sheepimages/data1/set21/CIMG2642.jpg 338 158 681 637 394 178 570 303 543 328 789 422 892 423 1005 341 368 663 374 729
./sheepimages/data1/set22/CIMG4455_-_SHEEP_#1.jpg 558 362 165 153 559 371 593 388 602 409 678 410 685 391 722 371 638 496 639 506
./sheepimages/data1/set1/CIMG0512_-_Sheep_#11.jpg 48 195 678 654 62 444 253 456 304 540 572 470 532 357 700 214 544 786 549 819
./sheepimages/data1/set26/CIMG3068_-_SHEEP_#9.jpg 413 245 463 457 407 372 555 410 576 417 791 385 802 356 875 252 717 633 723 668
./sheepimages/data1/set5/CIMG1464_-_SHEEP_#9.jpg 101 120 840 661 114 354 290 256 321 312 706 258 720 199 917 227 600 662 602 722
./sheepimages/data2/set1/Icelandic_sheep_summer_06.jpg 182 152 300 250 195 162 240 206 244 235 397 236 408 209 472 156 317 341 314 379
./sheepimages/data1/set4/CIMG1290.jpg 223 163 770 566 233 204 418 271 437 303 789 310 805 274 974 197 636 635 633 684
./sheepimages/data1/set13/CIMG4948_-_SHEEP_#14.jpg 521 336 230 243 526 377 583 390 579 417 691 411 706 388 745 347 597 541 605 563
./sheepimages/data1/set19/CIMG1495_-_SHEEP_#2.jpg 346 148 865 746 379 145 500 345 505 408 846 377 959 365 1198 284 605 790 635 866
./sheepimages/data1/set26/CIMG1791_-_SHEEP_#6.jpg 271 155 748 625 278 204 467 261 465 335 794 335 841 272 1008 174 577 672 581 736
./sheepimages/data2/set1/Lleyn_sheep_350.jpg 173 59 59 48 173 64 186 69 190 80 213 79 217 74 230 69 201 94 202 101
./sheepimages/data2/set9/sheephome.jpg 39 47 58 63 43 52 53 66 52 77 77 77 81 68 93 61 60 96 61 102
./sheepimages/data1/set18/CIMG1856_-_SHEEP_#_1.jpg 220 387 789 606 233 524 423 601 464 632 792 569 826 535 992 408 656 878 676 943
./sheepimages/data1/set38/CIMG3235_-_SHEEP_#5.jpg 341 164 843 614 326 222 548 269 593 305 951 313 951 268 1189 225 844 699 828 742
./sheepimages/data2/set9/Sheep_20on_20hillside_20BC_20news_20Sept_2009.jpg 128 325 77 68 131 338 145 343 153 350 180 350 187 346 202 340 162 368 164 376
./sheepimages/data1/set4/CIMG1120_-_Sheep_#_13.jpg 495 236 480 432 504 248 591 353 581 386 805 433 830 408 975 353 620 587 615 633
./sheepimages/data2/set9/sheephome.jpg 245 50 67 62 248 58 262 63 267 72 292 72 295 64 309 56 279 95 280 102
./sheepimages/data1/set24/CIMG2705_-_SHEEP_#2.jpg 360 147 599 519 368 182 464 287 535 295 789 280 760 226 859 138 911 539 898 603
./sheepimages/data1/set26/CIMG1836_-_SHEEP_#5.jpg 226 30 768 693 236 9 415 165 438 237 783 245 819 175 975 54 539 617 547 679
./sheepimages/data1/set5/CIMG1476_-_SHEEP_#10.jpg 497 129 787 677 523 247 674 291 769 352 1081 299 1061 227 1264 161 1126 717 1109 771
./sheepimages/data1/set34/CIMG3367_-_SHEEP_#_4.jpg 499 369 240 230 504 388 558 419 567 446 678 439 686 415 735 385 624 561 626 581
./sheepimages/data2/set5/dsc02610.jpg 605 299 469 337 620 363 722 370 747 392 925 381 955 348 1059 322 843 551 843 592
./sheepimages/data1/set5/CIMG1365.jpg 437 328 431 346 448 353 553 388 542 419 733 429 781 409 860 354 526 600 535 639
./sheepimages/data2/set2/our-own-personal-sheep.jpg 444 469 117 85 449 480 473 489 480 501 527 499 530 488 556 477 508 533 509 542
./sheepimages/data2/set9/SX18002_20Sheep_20and_20lamb.jpg 728 353 132 88 731 369 763 377 771 391 818 391 826 379 856 369 792 419 794 429
./sheepimages/data1/set22/CIMG1890.jpg 235 96 683 542 246 126 404 238 414 256 716 293 742 279 913 197 509 540 510 597
./sheepimages/data2/set4/Sheep-in-paddock3.jpg 27 44 260 159 36 65 100 84 116 99 203 104 217 92 277 74 157 153 158 172
./sheepimages/data1/set16/CIMG5936_-_SHEEP_#_32.jpg 510 409 404 363 521 432 598 492 620 513 815 517 817 480 905 420 778 693 770 733
./sheepimages/data1/set4/CIMG1134_-_Sheep_#_20.jpg 171 247 433 386 185 265 293 340 299 384 498 391 500 332 597 257 419 580 415 608
./sheepimages/data1/set37/CIMG5100_-_SHEEP_#5.jpg 613 380 165 120 621 410 659 401 666 411 731 407 740 400 774 393 694 480 695 490
./sheepimages/data1/set32/CIMG3197_-_SHEEP_#1.jpg 581 225 384 283 578 265 681 290 684 306 855 296 880 290 963 248 756 446 759 479
./sheepimages/data1/set3/CIMG1115_-_Sheep_#_17.jpg 124 123 480 472 134 195 283 291 306 342 516 320 513 250 589 135 454 554 454 575
./sheepimages/data2/set7/depositphotos_2834859-Sheep.jpg 155 626 107 74 158 636 182 638 189 641 229 646 236 642 257 640 211 677 211 690
./sheepimages/data1/set14/CIMG2810_-_SHEEP_#29.jpg 168 255 496 455 178 270 295 369 305 406 539 391 536 338 655 266 449 648 454 682
./sheepimages/data2/set2/1435sheep.300a.jpg 202 83 190 134 206 103 236 110 258 127 332 127 351 112 389 102 289 190 291 205
./sheepimages/data2/set3/Blackface-Sheep-Scotland.jpg 107 426 190 127 120 442 168 458 188 473 248 465 249 452 285 425 234 517 234 528
./sheepimages/data1/set18/CIMG5910_-_SHEEP_#_36.jpg 604 368 356 270 612 386 694 414 705 437 858 447 863 423 954 400 798 584 798 604
./sheepimages/data1/set17/CIMG4889.jpg 464 215 574 459 474 242 626 290 629 332 874 305 890 276 1026 245 730 624 742 659
./sheepimages/data2/set2/our-own-personal-sheep.jpg 820 474 188 158 833 482 872 500 876 518 957 521 962 506 1003 487 912 597 913 615
./sheepimages/data2/set4/Sheep-2.jpg 458 93 244 193 470 112 524 135 526 155 633 160 639 137 691 121 571 223 571 248
./sheepimages/data2/set8/SheepDayPic.jpg 169 59 145 110 173 69 202 83 214 103 271 107 284 94 314 85 240 146 239 157
./sheepimages/data1/set34/CIMG1812_-_SHEEP_#8.jpg 157 115 788 725 160 145 360 229 364 300 673 339 768 283 925 205 331 737 346 795
./sheepimages/data1/set20/DC_2838-SHEEP#7.jpg 272 268 564 458 280 358 422 412 425 364 702 359 722 399 820 305 561 609 566 673
./sheepimages/data1/set23/CIMG5550_-_SHEEP_#9.jpg 523 418 261 216 528 446 593 457 597 475 710 475 728 464 779 446 636 606 639 625
./sheepimages/data2/set10/three_sheep_scotland_3236x2082.jpg 878 340 91 83 881 353 903 369 905 377 943 378 949 371 971 351 920 406 923 411
./sheepimages/data1/set29/CIMG2698_-_SHEEP_#6.jpg 354 251 536 531 379 263 494 324 473 387 699 415 776 352 886 290 409 706 420 751
./sheepimages/data2/set9/Sheep_20on_20hillside_20BC_20news_20Sept_2009.jpg 599 336 84 69 604 345 618 354 625 360 657 360 660 355 679 349 650 383 650 393
./sheepimages/data1/set22/CIMG6004_-_SHEEP_#8.jpg 461 222 410 329 471 244 562 301 576 323 745 332 773 314 865 264 616 490 618 524
./sheepimages/data1/set2/CIMG1038_-_Sheep_#11.jpg 379 33 792 721 388 141 609 260 592 321 915 297 933 243 1159 55 694 658 702 706
./sheepimages/data1/set23/CIMG2645.jpg 107 184 633 617 115 211 295 305 286 359 569 412 611 379 745 323 307 726 310 775
./sheepimages/data2/set3/07_05_33---Flock-of-Sheep_web.jpg 151 134 112 71 161 140 185 144 188 152 223 154 235 157 257 147 191 179 191 191
./sheepimages/data1/set1/CIMG1004_-_Sheep_#10.jpg 246 154 622 613 238 236 471 351 502 433 777 398 761 297 872 135 703 736 700 754
./sheepimages/data1/set11/CIMG2843_-_SHEEP_#25.jpg 288 115 886 721 304 159 500 276 487 338 844 372 889 308 1166 135 511 746 526 803
./sheepimages/data1/set20/CIMG5987_-_SHEEP_#7.jpg 389 203 699 549 405 265 566 323 594 340 894 329 909 309 1068 234 761 647 769 690
./sheepimages/data1/set34/CIMG3232_-_SHEEP_#5.jpg 459 207 727 533 460 284 640 290 674 338 971 344 982 287 1186 272 847 680 845 716
./sheepimages/data2/set8/baby-sheep.jpg 99 35 186 115 104 58 147 71 159 82 223 80 233 68 275 50 191 120 192 130
./sheepimages/data1/set7/CIMG2452_-_SHEEP_#24.jpg 333 103 557 657 351 303 436 358 487 423 772 351 749 254 872 120 800 664 795 709
./sheepimages/data1/set19/CIMG4506_-_SHEEP_#7.jpg 40 200 329 288 51 224 125 280 140 293 281 288 301 271 357 208 208 435 208 459
./sheepimages/data1/set12/CIMG3718_-_SHEEP_#_32.jpg 336 171 681 610 350 228 518 325 560 352 874 321 863 275 1005 190 899 680 882 734
./sheepimages/data1/set6/CIMG1846_-_SHEEP_#_2.jpg 298 128 739 609 316 257 492 304 553 325 848 284 854 247 1020 173 867 654 860 696
./sheepimages/data1/set9/CIMG2258_-_SHEEP_#1.jpg 342 69 829 808 357 127 513 241 603 309 967 273 941 189 1159 93 1027 760 1002 824
./sheepimages/data2/set3/07_05_33---Flock-of-Sheep_web.jpg 91 89 91 76 101 98 114 112 117 117 151 119 157 114 176 98 124 141 124 152
./sheepimages/data1/set20/CIMG4487_-_SHEEP_#3.jpg 585 430 182 223 592 436 610 479 615 508 708 507 719 484 761 445 655 629 660 643
./sheepimages/data2/set2/sheep_fencing_devon.jpg 332 72 354 252 343 99 428 118 443 134 568 133 580 120 673 100 509 268 510 290
./sheepimages/data2/set2/our-own-personal-sheep.jpg 734 362 107 90 743 370 757 383 769 392 813 389 815 377 837 367 810 423 808 435
./sheepimages/data1/set36/CIMG3102_-_SHEEP_#6.jpg 458 193 448 489 468 217 585 348 666 408 842 378 771 300 730 178 879 635 862 661
./sheepimages/data1/set17/CIMG5942_-_SHEEP_#_41.jpg 160 300 607 542 174 315 333 382 317 448 577 502 612 441 759 417 339 769 338 817
./sheepimages/data1/set5/CIMG1484_-_SHEEP_#8.jpg 210 236 771 601 228 277 409 367 424 409 760 398 777 356 963 266 600 736 604 792
./sheepimages/data2/set2/Pair_of_Icelandic_Sheep.jpg 747 221 245 197 752 245 802 256 813 286 916 296 928 266 987 277 869 371 868 396
./sheepimages/data2/set10/Welsh_Sheep.jpg 255 105 83 63 260 112 276 122 281 124 317 125 324 122 336 111 295 152 295 160
./sheepimages/data1/set16/CIMG3745_-_SHEEP_#_34.jpg 450 300 435 392 461 351 539 407 556 442 746 430 765 392 873 314 639 638 645 666
./sheepimages/data2/set2/sheep_1830214c.jpg 101 33 87 71 108 42 127 55 131 60 158 56 162 49 176 34 145 78 147 92
./sheepimages/data2/set7/commodities-sheep-meat.html_PHOTO.jpg 195 213 61 52 199 225 211 223 215 229 240 231 244 225 256 229 224 252 225 260
./sheepimages/data1/set35/CIMG1818_-_SHEEP_#8.jpg 254 144 893 762 262 321 496 392 544 417 905 370 928 326 1132 164 796 801 807 855
./sheepimages/data1/set4/CIMG1127_-_Sheep_#_14.jpg 133 136 490 411 140 158 264 255 282 292 494 289 497 256 615 232 432 479 427 512
./sheepimages/data1/set19/CIMG0834.jpg 194 372 440 357 201 401 312 421 319 452 502 455 513 426 625 395 401 668 401 708
./sheepimages/data1/set10/CIMG4873.jpg 365 104 586 517 376 140 522 193 546 228 796 249 804 211 941 187 704 547 704 593
./sheepimages/data1/set30/CIMG4703__-_SHEEP_#4.jpg 498 397 165 153 506 414 543 424 547 441 616 442 635 429 655 414 558 529 566 542
./sheepimages/data1/set13/CIMG4870.jpg 356 322 371 353 362 359 451 395 479 422 648 433 651 397 728 364 638 610 634 643
./sheepimages/data1/set18/CIMG5514_-_SHEEP_#22.jpg 591 147 562 473 598 167 678 222 694 257 924 262 964 244 1149 210 766 575 777 607
./sheepimages/data1/set5/CIMG1422.jpg 253 112 816 740 266 191 474 281 497 319 844 300 858 270 1057 145 688 754 688 818
./sheepimages/data1/set13/CIMG3751_-_SHEEP_#_40.jpg 449 329 453 388 532 312 551 398 512 434 715 465 760 447 883 375 510 607 509 655
./sheepimages/data1/set17/CIMG4841_-_SHEEP_#17.jpg 357 205 411 438 354 281 491 355 536 366 728 358 698 302 677 200 683 579 684 611
./sheepimages/data1/set38/CIMG5105_-_SHEEP_#5.jpg 497 312 367 298 497 357 573 356 607 372 755 380 761 362 855 358 709 569 704 597
./sheepimages/data2/set5/sheep-with-lambs.jpg 948 74 267 271 957 88 1004 150 1012 174 1141 180 1145 143 1205 100 1081 289 1078 315
./sheepimages/data1/set16/CIMG2564_-_SHEEP_#23.jpg 352 195 606 659 364 210 533 344 496 466 776 511 844 399 940 326 560 760 566 815
./sheepimages/data1/set24/CIMG1612_-_SHEEP_#7.jpg 206 128 887 865 218 260 453 243 465 389 883 370 911 204 1082 174 695 942 705 990
./sheepimages/data1/set33/CIMG2716_-_SHEEP_#4.jpg 223 204 477 543 232 410 383 402 443 435 651 385 618 301 644 177 671 713 657 741
./sheepimages/data2/set5/sheep-on-farm-in-grass-field-on-sunny-March-day-at-Neals-Farm-Checkendon-Oxfordshire-England-3-DHD.jpg 724 318 94 66 731 325 751 329 755 337 789 337 795 331 811 324 770 362 770 372
./sheepimages/data2/set10/Screen2.jpg 476 120 701 568 483 160 670 221 676 267 955 279 987 236 1171 149 783 596 786 648
./sheepimages/data1/set37/CIMG3216_-_SHEEP_#3.jpg 276 244 840 600 287 271 525 319 547 400 852 405 869 347 1114 369 674 797 678 827
./sheepimages/data1/set23/CIMG4474_-_SHEEP_#5.jpg 403 136 522 518 413 157 504 292 539 298 771 336 796 321 911 261 664 535 654 590
./sheepimages/data1/set5/CIMG1474_-_SHEEP_#10.jpg 368 276 761 680 373 308 578 410 598 493 926 472 942 388 1109 355 769 889 773 933
./sheepimages/data1/set2/CIMG1029_-_Sheep_#12.jpg 158 338 390 337 164 346 265 414 258 453 438 454 446 421 541 349 322 622 324 653
./sheepimages/data1/set16/CIMG3424_-_SHEEP_#33.jpg 629 44 340 395 634 256 725 240 751 269 900 178 883 143 957 58 932 387 942 411
./sheepimages/data2/set5/sheep-with-lambs.jpg 477 376 243 176 488 396 549 451 559 470 640 467 656 438 709 388 592 520 595 533
./sheepimages/data1/set20/CIMG2032_-_SHEEP_#5.jpg 168 299 817 537 181 355 393 377 430 418 734 409 759 369 971 340 614 770 617 812
./sheepimages/data1/set23/CIMG6007_-_SHEEP_#9.jpg 551 275 273 220 558 313 626 342 634 361 736 353 752 338 816 284 684 463 690 482
./sheepimages/data2/set4/Sheep-500x382.jpg 16 13 461 293 32 69 135 95 161 104 325 114 343 103 465 91 248 252 247 280
./sheepimages/data2/set5/bell+sheep+4.jpg 322 118 138 81 328 130 364 135 369 143 414 141 424 135 455 126 394 175 393 185
./sheepimages/data1/set31/CIMG1801_-_SHEEP_#2.jpg 249 114 814 725 255 155 470 229 473 298 854 306 899 247 1053 212 599 731 584 796
./sheepimages/data2/set9/Sheep_20on_20hillside_20BC_20news_20Sept_2009.jpg 884 329 102 64 897 337 909 341 923 348 956 351 967 346 982 341 937 374 937 382
./sheepimages/data2/set7/English+Sheep.jpg 282 123 377 306 292 149 375 197 389 213 546 220 557 200 650 153 462 344 462 375
./sheepimages/data2/set5/sheep-with-lambs.jpg 1029 406 208 98 1063 387 1077 409 1081 428 1162 444 1178 445 1228 418 1119 458 1116 472
./sheepimages/data1/set17/CIMG3756_-_SHEEP_#_40.jpg 421 438 409 399 429 450 506 540 509 586 696 607 718 578 819 521 568 760 568 799
./sheepimages/data1/set16/DC_2690-SHEEP#18.jpg 135 242 697 494 141 283 318 357 339 358 633 358 660 387 818 319 449 594 449 667
./sheepimages/data2/set6/Sheep1-1jyf79s.jpg 596 371 240 173 603 396 661 392 668 414 757 423 771 400 831 410 693 522 695 535
./sheepimages/data1/set25/CIMG2707_-_SHEEP_#5.jpg 257 242 289 312 261 256 321 330 330 359 464 363 467 331 548 270 404 517 402 538
./sheepimages/data2/set9/sheephome.jpg 101 61 64 53 104 72 120 78 123 85 148 84 149 77 164 71 133 101 134 108
./sheepimages/data1/set36/CIMG5046_-_SHEEP_#4.jpg 574 305 216 187 578 315 627 345 627 367 727 373 739 358 785 331 658 456 657 473
./sheepimages/data1/set12/CIMG3731_-_SHEEP_#_39.jpg 411 332 414 365 418 344 517 410 522 449 708 441 724 413 813 358 582 647 590 678
./sheepimages/data1/set34/CIMG5073_-_SHEEP_#1.jpg 676 369 166 157 682 384 722 402 725 422 801 418 806 403 842 380 757 498 759 512
./sheepimages/data1/set17/CIMG3482_-_SHEEP_#31.jpg 253 186 556 500 501 181 512 294 446 354 577 420 677 364 801 305 300 619 318 656
./sheepimages/data1/set9/CIMG2546_-_SHEEP_#25.jpg 510 244 564 443 512 305 634 345 661 384 911 386 909 324 1074 258 834 621 826 654
./sheepimages/data2/set8/114781031_9cb9208a6b.jpg 319 56 43 34 320 62 327 63 331 67 347 65 352 63 359 61 337 77 339 81
./sheepimages/data1/set23/CIMG5554_-_SHEEP_#9.jpg 566 317 244 190 572 334 626 364 629 373 739 377 753 375 803 336 661 470 661 491
./sheepimages/data1/set11/CIMG2990_-_SHEEP_#1.jpg 199 198 668 699 215 559 353 400 366 390 715 365 747 336 833 492 528 845 553 884
./sheepimages/data2/set5/sheep-rustling-on-the-increase-in-wales-472477974.jpg 189 107 135 165 200 117 216 169 228 193 285 189 285 176 319 138 265 247 261 260
./sheepimages/data2/set7/dolly_cloned_sheep.jpg 115 42 106 90 119 53 141 62 148 76 189 75 194 62 215 54 170 111 168 120
./sheepimages/data2/set1/islay-cheviot-sheep.jpg 40 87 61 66 45 94 58 111 60 124 83 123 88 113 99 93 71 142 72 146
./sheepimages/data2/set8/SheepDayPic.jpg 4 80 130 96 6 94 29 101 44 119 94 119 109 103 131 94 69 156 69 163
./sheepimages/data1/set26/CIMG1785_-_SHEEP_#1.jpg 316 214 857 526 326 298 554 302 596 340 882 375 893 340 1164 348 767 680 760 707
./sheepimages/data1/set37/CIMG3066_-_SHEEP_#9.jpg 481 323 341 312 490 389 594 421 612 437 759 422 763 400 821 333 719 586 721 609
./sheepimages/data1/set33/CIMG3096_-_SHEEP_#5.jpg 319 296 618 461 318 344 493 371 506 414 750 420 766 381 931 362 617 708 620 744
./sheepimages/data1/set16/CIMG5871_-_SHEEP_#_40.jpg 539 324 201 200 544 374 597 390 600 408 696 393 700 372 733 333 646 480 647 500
./sheepimages/data1/set15/CIMG3727_-_SHEEP_#_30.jpg 272 159 555 472 279 183 413 261 419 297 667 302 684 271 817 188 502 561 510 611
./sheepimages/data2/set4/Ewe_sheep_black_and_white.jpg 127 89 930 840 150 124 342 237 357 329 804 341 813 240 1025 152 583 733 580 836
./sheepimages/data1/set12/CIMG2476_-_SHEEP_#25.jpg 197 17 1123 962 202 252 510 306 544 401 1017 388 1001 238 1316 26 825 890 826 946
./sheepimages/data2/set10/Texel_20Sheep_20on_20Spout_20House_20Farm_20compressed.jpg 281 283 101 85 286 294 308 302 313 312 354 314 358 307 379 297 334 351 334 358
./sheepimages/data1/set7/CIMG2467_-_SHEEP_#23.jpg 558 414 475 435 574 452 667 523 685 586 915 563 917 491 1020 435 863 781 864 822
./sheepimages/data2/set5/sheep-on-farm-in-grass-field-on-sunny-March-day-at-Neals-Farm-Checkendon-Oxfordshire-England-3-DHD.jpg 1133 479 147 116 1142 494 1173 501 1178 520 1240 519 1242 500 1274 486 1208 571 1209 583
./sheepimages/data2/set6/sheep3-copy.jpg 555 314 262 149 556 340 627 350 647 351 739 349 759 352 811 377 696 423 697 438
./sheepimages/data2/set1/image11.jpg 7 6 259 167 13 48 75 53 92 61 190 59 203 52 263 48 137 133 137 155
./sheepimages/data1/set6/CIMG1957.jpg 397 369 464 325 411 394 524 451 535 450 725 454 741 450 845 383 638 613 640 653
./sheepimages/data1/set27/CIMG3075_-_SHEEP_#4.jpg 316 235 689 590 286 353 511 391 542 441 824 412 819 349 1000 256 772 787 766 811
./sheepimages/data1/set18/CIMG5626_-_SHEEP_#25.jpg 239 146 810 632 254 178 435 324 458 351 776 392 811 382 1035 313 585 661 587 718
./sheepimages/data2/set8/40298766.CountingSheep.jpg 731 177 174 110 718 170 746 184 761 203 837 211 857 203 893 198 775 255 775 274
./sheepimages/data1/set31/CIMG1792_-_SHEEP_#6.jpg 326 76 745 611 327 118 517 198 518 250 852 262 893 199 1067 109 647 583 651 640
./sheepimages/data1/set10/CIMG2997_-_SHEEP_#2.jpg 115 222 1072 749 122 527 457 369 554 377 919 325 923 291 1183 300 961 888 903 944
./sheepimages/data2/set2/romney-merino-sheep.jpg 281 221 61 49 284 235 292 234 299 237 325 236 331 234 339 234 312 249 313 258
./sheepimages/data1/set29/CIMG3071_-_SHEEP_#7.jpg 339 201 602 521 309 307 512 341 549 370 799 340 802 289 961 227 777 683 774 705
./sheepimages/data1/set27/CIMG3108_-_SHEEP_#2.jpg 280 158 534 606 284 159 376 259 353 348 624 371 655 323 834 241 408 721 421 757
./sheepimages/data1/set37/CIMG3209_-_SHEEP_#8.jpg 555 216 473 388 565 287 658 300 700 344 890 323 879 263 1018 231 875 562 868 588
./sheepimages/data1/set25/CIMG1606_-_SHEEP_#5.jpg 339 12 779 778 355 39 513 199 583 273 935 236 910 141 1130 1 896 679 881 738
./sheepimages/data1/set7/CIMG2487_-_SHEEP_#28.jpg 344 205 715 643 353 288 521 363 570 461 876 425 866 322 1042 225 801 773 801 815
./sheepimages/data1/set24/CIMG1788_-_SHEEP_#4.jpg 141 160 911 679 156 248 380 282 419 346 774 323 794 249 1031 252 650 761 648 808
./sheepimages/data2/set3/az_sheep.jpg 84 0 379 277 105 3 182 75 193 113 350 118 362 67 443 5 265 219 264 246
./sheepimages/data1/set12/CIMG2156_-_SHEEP_#20.jpg 443 2 799 804 454 3 572 182 545 329 920 374 994 272 1234 180 639 715 647 769
./sheepimages/data1/set30/CIMG3085_-_SHEEP_#8.jpg 59 210 455 358 68 232 187 270 187 324 372 309 394 277 513 209 252 537 261 555
./sheepimages/data1/set31/CIMG1600_-_SHEEP_#6.jpg 358 225 513 511 367 238 438 323 421 397 653 392 723 353 866 267 459 627 466 678
./sheepimages/data1/set32/CIMG3364_-_SHEEP_#_4.jpg 613 348 239 216 614 360 670 395 675 415 788 415 801 390 851 361 730 526 732 547
./sheepimages/data1/set3/CIMG1071_-_SHEEP_#20.jpg 443 256 560 459 451 319 591 364 595 410 842 406 848 362 1002 266 710 631 713 675
./sheepimages/data1/set33/CIMG3397_-_SHEEP_#_3.jpg 519 194 336 400 531 207 589 278 573 330 728 351 774 318 843 278 557 555 570 577
./sheepimages/data1/set2/CIMG1041_-_Sheep_#9.jpg 246 174 764 581 251 260 482 264 467 387 762 439 778 303 999 354 566 738 567 747
./sheepimages/data1/set17/CIMG5878_-_SHEEP_#_34.jpg 130 350 297 243 137 386 224 428 243 447 362 431 358 407 418 357 345 553 343 574
./sheepimages/data1/set2/CIMG1045_-_Sheep_#9.jpg 466 41 815 657 479 60 663 210 655 240 984 317 1001 274 1263 150 743 580 733 637
./sheepimages/data2/set9/UllsHerdwicks_5B1_5D.jpg 88 579 85 63 93 602 109 599 116 602 151 597 153 593 168 589 142 620 142 627
./sheepimages/data1/set37/CIMG3211_-_SHEEP_#8.jpg 425 241 524 387 435 269 558 316 577 349 799 358 811 320 941 270 705 567 705 601
./sheepimages/data1/set21/CIMG1335.jpg 259 220 793 548 268 317 472 413 513 417 851 385 852 341 1037 247 799 678 801 720
./sheepimages/data2/set8/sheep.jpg 467 125 276 195 473 145 548 181 556 202 654 198 666 183 738 143 604 274 604 295
./sheepimages/data1/set34/CIMG3601_-_SHEEP_#3.jpg 165 118 921 863 178 155 412 261 427 366 844 370 888 288 1092 190 560 899 575 961
./sheepimages/data2/set8/sheep_smile_by_chrisellis211-d523m12.jpg 312 67 905 685 330 86 553 248 629 283 978 309 993 266 1209 212 888 601 859 678
./sheepimages/data1/set19/CIMG4578_-_SHEEP_#6.jpg 422 242 409 330 437 255 480 301 492 324 650 324 677 308 820 288 550 538 554 559
./sheepimages/data1/set15/CIMG4958_-_SHEEP_#15.jpg 527 278 562 523 537 380 624 354 671 413 929 401 928 348 1083 355 877 717 868 760
./sheepimages/data1/set35/CIMG3591_-_SHEEP_#4.jpg 372 175 566 535 382 210 524 281 519 344 776 340 830 283 926 198 605 628 618 679
./sheepimages/data1/set24/CIMG1823_-_SHEEP_#7.jpg 318 214 628 636 336 240 500 323 493 407 781 408 819 322 922 241 575 767 581 815
./sheepimages/data2/set10/Five-Sheep.jpg 633 194 102 91 636 209 657 218 663 230 707 229 716 218 732 204 682 255 683 268
./sheepimages/data1/set24/CIMG1835_-_SHEEP_#5.jpg 498 77 762 771 514 94 704 231 699 338 1046 351 1087 262 1239 168 808 761 813 817
./sheepimages/data2/set3/1.jpg 57 95 71 62 62 105 75 114 84 118 112 119 114 114 126 104 106 139 105 147
./sheepimages/data1/set19/CIMG1141_-_Sheep_#3.jpg 256 260 545 514 263 299 383 322 362 407 575 412 646 350 786 353 452 745 471 764
./sheepimages/data1/set38/CIMG3607_-_SHEEP_#6.jpg 299 155 645 518 277 359 466 279 483 278 750 245 770 236 977 311 615 628 627 656
./sheepimages/data2/set8/40298766.CountingSheep.jpg 278 227 224 168 297 216 306 244 326 282 412 279 440 268 493 244 363 351 366 373
./sheepimages/data1/set36/CIMG3594_-_SHEEP_#4.jpg 167 58 924 856 170 100 414 239 433 339 882 291 932 200 1103 6 645 763 660 854
./sheepimages/data1/set31/CIMG3214_-_SHEEP_#3.jpg 377 291 687 515 378 345 583 360 598 418 869 413 890 359 1080 373 730 767 738 790
./sheepimages/data1/set15/CIMG2483_-_SHEEP_#22.jpg 416 122 437 501 418 270 560 353 640 404 799 340 744 267 780 113 834 564 829 591
./sheepimages/data1/set9/CIMG2814_-_SHEEP_#22.jpg 83 122 958 859 98 139 376 255 358 368 744 399 830 267 1013 214 354 879 381 943
./sheepimages/data1/set8/CIMG2811_-_SHEEP_#29.jpg 236 200 476 497 248 300 332 361 391 415 610 359 581 278 704 214 643 644 637 669
./sheepimages/data1/set7/CIMG2168_-_SHEEP_#17.jpg 90 188 1048 789 108 258 345 350 390 419 849 406 842 316 1118 220 689 852 681 920
./sheepimages/data1/set14/CIMG3728_-_SHEEP_#_30.jpg 362 89 542 439 376 101 499 222 515 225 768 233 782 220 895 130 677 433 674 485
./sheepimages/data2/set3/07_48_2---Sheep-and-Lambs_web.jpg 392 44 94 83 397 52 413 61 421 70 458 72 463 64 482 55 440 107 439 115
./sheepimages/data1/set1/CIMG1001_-_Sheep_#5.jpg 370 329 507 462 364 398 530 445 507 470 717 464 757 416 862 345 511 731 523 769
./sheepimages/data1/set10/CIMG2842_-_SHEEP_#25.jpg 447 77 804 630 459 152 672 254 700 288 1039 282 1037 222 1241 96 950 610 939 670
./sheepimages/data2/set10/Five-Sheep.jpg 865 199 89 84 870 213 889 225 892 235 932 236 935 225 951 211 909 260 910 270
./sheepimages/data1/set29/CIMG2725_-_SHEEP_#9.jpg 141 250 532 496 150 318 279 355 300 400 536 392 541 339 664 269 449 690 451 730
./sheepimages/data2/set6/sheep+pictures+2.jpg 208 107 183 121 213 124 259 144 268 156 333 159 340 146 382 116 300 197 300 208
./sheepimages/data1/set34/CIMG5041_-_SHEEP_#4.jpg 523 411 218 197 527 432 579 459 582 478 682 473 688 454 732 426 633 574 633 592
./sheepimages/data2/set4/sheep_with_lamb.jpg 596 162 336 223 610 193 700 214 711 227 823 227 841 209 922 180 767 331 765 356
./sheepimages/data1/set36/CIMG3379_-_SHEEP_#_1.jpg 494 303 365 345 495 336 587 383 601 410 770 402 784 368 851 304 710 598 708 623
./sheepimages/data1/set30/CIMG3400_-_SHEEP_#_3.jpg 461 180 449 424 471 201 572 262 584 303 778 314 791 271 899 238 663 568 663 590
./sheepimages/data1/set24/CIMG2740_-_SHEEP_#1.jpg 283 272 632 458 270 392 472 338 504 396 746 382 759 326 960 365 636 707 632 724
./sheepimages/data1/set28/CIMG1820_-_SHEEP_#8.jpg 289 37 830 722 239 210 479 266 520 302 881 250 909 208 1108 55 771 673 778 738
./sheepimages/data2/set6/sheep_20family.jpg 312 154 170 109 325 163 365 168 371 179 429 181 439 169 473 168 391 234 390 248
./sheepimages/data1/set36/CIMG5091_-_SHEEP_#3.jpg 453 422 295 274 456 443 528 482 537 505 668 506 680 473 745 440 596 659 598 685
./sheepimages/data1/set37/CIMG3384_-_SHEEP_#_1.jpg 426 359 353 359 430 441 505 483 548 506 692 461 670 426 742 357 767 664 765 690
./sheepimages/data1/set19/CIMG4401_-_SHEEP_#5.jpg 399 39 644 520 416 62 555 145 567 190 815 211 858 163 1026 118 635 525 641 543
./sheepimages/data2/set6/sheep1smallb.jpg 142 26 119 87 149 44 170 46 177 56 227 51 238 44 256 40 186 84 187 95
./sheepimages/data2/set6/sheep_20family.jpg 135 235 170 120 143 266 177 267 191 283 247 280 263 262 297 261 218 331 217 338
./sheepimages/data1/set25/CIMG2717_-_SHEEP_#4.jpg 69 212 535 558 74 408 263 415 311 426 543 395 513 323 543 214 563 723 553 753
./sheepimages/data2/set3/1797416.jpg 244 113 272 214 251 130 306 155 325 189 436 186 449 151 507 135 382 285 384 305
./sheepimages/data1/set25/CIMG2736_-_SHEEP_#1.jpg 218 111 887 595 228 174 481 209 503 257 797 307 840 296 1110 302 565 633 566 677
./sheepimages/data1/set3/CIMG1082_-_SHEEP_#21.jpg 107 199 474 499 117 206 212 335 207 432 423 425 446 331 573 254 318 682 344 691
./sheepimages/data2/set4/dolly-the-sheep.jpg 118 42 132 97 126 57 146 68 152 77 209 76 218 68 242 55 174 105 175 116
./sheepimages/data1/set4/CIMG1306.jpg 488 71 464 410 495 93 609 171 631 195 812 208 825 174 943 124 741 435 734 460
./sheepimages/data1/set32/CIMG3220_-_SHEEP_#4.jpg 512 296 572 467 496 378 648 395 670 451 915 431 921 372 1083 338 833 702 833 740
./sheepimages/data2/set8/114781031_9cb9208a6b.jpg 329 174 56 43 332 182 340 184 348 187 371 187 375 183 384 182 362 202 363 210
./sheepimages/data1/set25/CIMG1829_-_SHEEP_#7.jpg 413 49 614 685 412 172 552 211 578 298 883 265 882 175 1017 61 780 656 779 703
./sheepimages/data2/set8/40298766.CountingSheep.jpg 35 213 244 153 32 236 81 244 115 263 200 262 223 249 272 235 152 327 153 345
./sheepimages/data1/set31/CIMG2703_-_SHEEP_#2.jpg 94 236 463 426 97 259 212 309 223 338 448 336 450 302 554 247 370 594 364 638
./sheepimages/data1/set16/CIMG5521_-_SHEEP_#23.jpg 623 350 172 151 629 361 666 385 671 397 742 401 750 388 789 371 701 476 701 486
./sheepimages/data1/set38/CIMG5074_-_SHEEP_#1.jpg 612 305 179 159 622 318 656 343 663 357 741 360 742 344 782 326 704 427 701 447
./sheepimages/data1/set33/CIMG3383_-_SHEEP_#_1.jpg 328 383 372 364 328 450 430 496 445 520 621 495 625 462 691 393 576 691 580 722
./sheepimages/data2/set8/114781031_9cb9208a6b.jpg 11 124 53 41 16 139 27 139 29 141 47 138 53 136 59 133 29 152 33 158
./sheepimages/data2/set1/IMG_0349.jpg 737 210 164 118 743 239 781 249 791 252 854 249 873 243 899 216 820 295 821 311
./sheepimages/data2/set3/10883960_mother_sheep_and_her_lamb.jpg 703 180 270 158 717 201 779 227 801 239 878 238 895 225 956 194 842 299 844 313
./sheepimages/data1/set29/CIMG2710_-_SHEEP_#5.jpg 72 196 383 486 83 240 189 339 212 386 401 397 392 314 443 201 321 641 314 669
./sheepimages/data1/set29/CIMG1793_-_SHEEP_#6.jpg 319 37 762 603 327 74 518 150 518 206 858 215 896 153 1069 58 648 541 653 597
./sheepimages/data1/set37/CIMG2704_-_SHEEP_#2.jpg 85 215 487 442 89 237 205 298 222 330 454 325 458 302 564 232 371 583 365 632
./sheepimages/data1/set32/CIMG1832_-_SHEEP_#5.jpg 361 55 897 823 376 77 565 290 592 381 1019 384 1019 296 1259 148 853 822 853 880
./sheepimages/data2/set1/Lleyn_sheep_350.jpg 33 57 70 51 39 64 54 68 57 77 82 77 88 71 101 67 64 97 65 103
./sheepimages/data2/set8/114781031_9cb9208a6b.jpg 209 239 75 51 212 249 224 251 234 255 261 253 268 249 278 244 251 275 251 282
./sheepimages/data1/set22/CIMG5553_-_SHEEP_#9.jpg 502 195 307 249 509 226 575 277 583 267 716 279 733 291 800 246 607 393 609 419
./sheepimages/data2/set10/sheep_lambs.jpg 492 87 191 151 494 96 529 127 536 137 617 137 634 128 684 90 562 199 564 215
./sheepimages/data1/set5/CIMG1363.jpg 243 193 707 567 254 237 457 351 548 390 821 351 806 295 942 208 855 667 846 719
./sheepimages/data1/set26/CIMG3074_-_SHEEP_#4.jpg 373 299 614 524 329 381 511 416 563 466 823 433 820 387 979 321 796 790 785 809
./sheepimages/data1/set3/CIMG1073_-_SHEEP_#20.jpg 384 81 531 563 393 286 517 280 590 373 817 278 772 194 911 83 844 597 820 625
./sheepimages/data1/set25/CIMG1808_-_SHEEP_#8.jpg 397 121 658 598 385 254 558 286 623 324 882 286 884 230 1045 134 862 651 858 684
./sheepimages/data2/set9/UllsHerdwicks_5B1_5D.jpg 729 360 105 89 737 390 747 382 760 386 806 386 809 378 827 370 798 421 798 432
./sheepimages/data1/set12/CIMG4833_-_SHEEP_#16.jpg 628 257 261 250 634 281 702 305 700 327 816 333 842 319 884 310 693 466 698 489
./sheepimages/data1/set8/CIMG2454_-_SHEEP_#24.jpg 425 261 489 420 434 297 552 314 552 394 782 386 798 316 900 305 665 624 668 660
./sheepimages/data1/set7/CIMG2160_-_SHEEP_#21.jpg 321 105 799 695 335 143 505 199 523 302 904 309 920 194 1099 133 720 707 718 761
./sheepimages/data1/set21/CIMG1405_-_SHEEP_#3.jpg 256 169 796 658 264 185 455 314 504 399 822 367 859 329 1049 261 664 743 675 791
./sheepimages/data1/set13/CIMG3439_-_SHEEP_#34.jpg 432 181 572 537 447 192 546 295 544 364 785 395 824 355 996 281 565 664 574 695
./sheepimages/data2/set6/sheep+pictures+2.jpg 71 78 152 114 81 93 107 116 125 124 180 128 184 111 220 96 166 164 164 176
./sheepimages/data1/set7/CIMG2468_-_SHEEP_#23.jpg 393 164 642 601 406 183 567 255 551 370 854 385 882 282 1022 258 676 698 679 743
./sheepimages/data2/set9/wallpaper-of-Sheep-608.jpg 90 134 158 129 98 200 142 187 148 210 207 190 210 169 241 149 187 242 191 253
./sheepimages/data1/set10/CIMG2818_-_SHEEP_#28.jpg 254 159 640 559 261 161 422 285 454 342 737 324 722 266 883 169 681 635 679 681
./sheepimages/data1/set7/CIMG2530_-_SHEEP_#24.jpg 564 137 551 539 584 167 648 255 686 328 960 309 945 240 1099 172 937 579 926 622
./sheepimages/data1/set11/CIMG5841_-_SHEEP_#_35.jpg 556 344 399 301 559 403 662 404 670 427 851 420 859 390 950 366 761 582 761 618
./sheepimages/data1/set3/CIMG1080_-_SHEEP_#18.jpg 12 168 570 477 15 282 183 317 197 364 429 320 435 271 572 185 354 595 370 623
./sheepimages/data1/set8/CIMG2465_-_SHEEP_#29.jpg 579 159 365 433 601 134 620 273 612 335 803 348 816 304 933 240 690 542 691 569
./sheepimages/data1/set10/CIMG3720_-_SHEEP_#_33.jpg 577 204 592 524 583 230 710 328 725 360 995 366 990 320 1159 245 923 650 908 698
./sheepimages/data1/set32/CIMG3092_-_SHEEP_#5.jpg 409 237 650 516 423 258 592 317 588 369 837 425 865 385 1049 415 602 704 606 731
./sheepimages/data1/set24/CIMG1781_-_SHEEP_#1.jpg 11 104 1034 751 17 474 261 344 380 341 736 283 751 188 1014 156 791 790 772 832
./sheepimages/data1/set9/CIMG2484_-_SHEEP_#28.jpg 513 342 578 461 515 369 661 407 670 481 921 478 935 409 1083 385 807 753 810 783
./sheepimages/data1/set12/CIMG2129_-_SHEEP_#19.jpg 285 155 821 690 295 248 475 305 504 381 906 338 891 255 1093 181 828 735 825 788
./sheepimages/data1/set8/CIMG2913_-_TOE_ABSCESS_SHEEP.jpg 176 351 400 310 184 477 283 424 291 431 441 430 467 415 570 457 351 646 354 655
./sheepimages/data2/set1/IMG_0349.jpg 9 357 158 131 5 398 35 399 45 406 108 400 123 390 163 376 72 460 73 475
./sheepimages/data2/set4/sheep-on-farm-in-grass-field-on-sunny-March-day-at-Neals-Farm-Checkendon-Oxfordshire-England-4-DHD.jpg 644 140 390 313 658 195 748 231 761 261 929 252 933 206 1015 154 855 372 858 407
./sheepimages/data2/set9/sheep-photos-2.jpg 828 121 160 124 840 144 862 154 866 166 933 170 943 159 988 145 894 204 892 223
./sheepimages/data1/set6/CIMG1847_-_SHEEP_#_2.jpg 221 161 810 617 244 265 453 295 469 348 784 319 820 286 1002 212 627 723 637 758
./sheepimages/data2/set9/sheep-photos-2.jpg 58 435 157 105 71 452 110 461 114 480 167 474 176 461 207 450 141 517 141 530
./sheepimages/data1/set28/CIMG5090_-_SHEEP_#3.jpg 458 451 295 280 459 474 530 512 539 535 669 530 682 501 748 469 599 690 599 717
./sheepimages/data1/set15/CIMG5407_-_SHEEP_#4.jpg 500 295 269 222 506 342 565 342 580 360 693 345 702 330 758 320 658 489 659 504
./sheepimages/data1/set24/CIMG2696_-_SHEEP_#6.jpg 376 218 531 483 388 276 523 307 523 367 757 363 776 304 898 241 621 644 625 679
./sheepimages/data1/set35/CIMG3203_-_SHEEP_#9.jpg 289 198 720 513 305 225 491 297 500 329 778 349 815 309 1004 266 578 623 578 666
./sheepimages/data1/set9/CIMG2528_-_SHEEP_#24.jpg 388 183 649 569 402 238 567 308 570 375 881 365 901 295 1017 209 711 658 714 704
./sheepimages/data2/set9/UllsHerdwicks_5B1_5D.jpg 321 482 79 74 325 507 340 504 347 509 377 502 382 497 394 492 366 533 366 543
./sheepimages/data1/set4/CIMG1151.jpg 116 186 554 433 126 215 281 280 303 325 506 315 520 266 659 195 418 590 418 605
./sheepimages/data1/set10/CIMG2548_-_SHEEP_#25.jpg 244 190 642 464 244 263 413 308 429 345 696 338 705 287 876 206 581 584 579 622
./sheepimages/data2/set3/Sheep-cumbria.jpg 908 245 223 159 911 274 960 291 973 306 1062 307 1067 287 1123 270 1033 363 1031 381
./sheepimages/data1/set15/CIMG5846_-_SHEEP_#_31.jpg 518 435 320 271 525 474 611 495 611 521 752 518 766 495 828 449 650 666 655 689
./sheepimages/data1/set37/CIMG5075_-_SHEEP_#1.jpg 591 322 199 186 595 325 636 362 641 380 733 388 739 370 787 347 677 475 677 494
./sheepimages/data2/set5/sheep-on-farm-in-grass-field-on-sunny-March-day-at-Neals-Farm-Checkendon-Oxfordshire-England-3-DHD.jpg 421 359 120 84 428 365 453 376 457 385 505 385 509 379 535 363 476 419 476 430
./sheepimages/data2/set10/Five-Sheep.jpg 461 275 97 77 467 285 487 293 490 302 534 302 540 293 552 282 510 328 512 340
./sheepimages/data1/set7/CIMG2559_-_SHEEP_#26.jpg 296 135 842 657 312 159 516 280 544 348 888 341 904 273 1119 162 738 686 739 740
./sheepimages/data1/set22/CIMG2035_-_SHEEP_#1.jpg 512 201 447 519 558 210 562 322 531 407 738 416 793 378 955 312 554 678 559 702
./sheepimages/data2/set9/wicklow-mountains-sheep-58.4.jpg 11 269 98 127 11 282 27 297 32 318 85 317 86 298 102 276 58 378 61 387
./sheepimages/data1/set5/CIMG1563_-_SHEEP_#10.jpg 218 99 920 777 246 152 484 204 484 290 910 296 932 228 1119 171 654 778 659 836
./sheepimages/data2/set8/40298766.CountingSheep.jpg 613 261 201 172 615 267 642 306 649 326 739 326 753 311 810 280 686 397 687 416
./sheepimages/data1/set6/CIMG1575_-_SHEEP_#9.jpg 308 286 741 515 325 368 488 316 499 365 857 366 866 317 1030 372 687 699 690 759
./sheepimages/data1/set31/CIMG3365_-_SHEEP_#_4.jpg 556 391 176 185 566 405 600 435 602 459 682 460 693 440 726 420 634 545 637 560
./sheepimages/data1/set12/CIMG3766_-_SHEEP_#_37.jpg 434 166 541 484 446 332 559 359 571 347 804 333 817 298 962 178 681 593 684 628
./sheepimages/data2/set6/sheep_20family.jpg 667 330 121 92 673 347 699 358 704 374 746 381 755 365 785 356 722 404 721 414
./sheepimages/data1/set13/CIMG3724_-_SHEEP_#_33.jpg 419 233 383 426 424 255 521 328 555 364 759 354 738 307 770 223 765 598 755 629
./sheepimages/data2/set5/hello-sheep.jpg 618 185 94 69 621 194 639 200 649 210 683 209 691 203 708 198 666 233 669 243
./sheepimages/data1/set12/CIMG3472_-_SHEEP_#40.jpg 346 305 481 396 350 331 473 393 467 432 683 427 700 402 818 331 528 617 532 664
./sheepimages/data2/set3/01_62_25---Black-Sheep_web.jpg 89 71 185 134 100 83 141 95 150 122 213 122 230 98 267 88 177 171 178 185
./sheepimages/data2/set7/dorsets.jpg 6 263 116 73 11 281 31 285 40 288 84 286 93 285 114 279 61 308 60 318
./sheepimages/data2/set6/sheep-lamb-cute.jpg 512 204 288 207 515 256 563 245 589 251 717 264 734 263 795 265 662 354 658 382
./sheepimages/data1/set38/CIMG5071_-_SHEEP_#1.jpg 642 397 170 157 646 410 682 429 689 449 764 447 765 429 810 405 728 529 728 541
./sheepimages/data1/set18/CIMG5943_-_SHEEP_#_41.jpg 541 302 244 190 547 311 605 338 608 360 709 355 725 332 778 304 643 453 645 469
./sheepimages/data2/set7/commodities-sheep-meat.html_PHOTO.jpg 273 191 43 37 275 198 283 198 284 201 304 202 307 199 314 200 285 216 286 222
./sheepimages/data2/set9/wicklow-mountains-sheep-58.4.jpg 657 250 103 157 664 281 680 300 689 325 745 326 743 294 754 256 715 388 715 395
./sheepimages/data1/set35/CIMG5097_-_SHEEP_#6.jpg 20 96 919 671 25 284 330 278 348 225 684 238 696 283 934 278 554 606 543 673
./sheepimages/data1/set28/CIMG3380_-_SHEEP_#_1.jpg 502 291 353 358 496 338 591 388 603 413 776 400 785 367 858 303 721 601 722 625
./sheepimages/data1/set28/CIMG3196_-_SHEEP_#1.jpg 509 318 393 252 514 338 613 383 629 380 796 383 820 385 906 341 705 508 706 540
./sheepimages/data2/set9/whitedorper2.jpg 32 25 65 48 38 35 51 40 56 40 78 43 84 42 95 40 55 59 56 64
./sheepimages/data1/set35/CIMG3237_-_SHEEP_#6.jpg 355 238 847 561 363 286 602 298 617 369 929 379 955 299 1169 289 763 748 763 781
./sheepimages/data2/set7/depositphotos_2834859-Sheep.jpg 918 697 70 51 920 724 934 723 941 717 968 708 973 711 986 704 969 720 971 728
./sheepimages/data2/set8/40298766.CountingSheep.jpg 522 149 201 154 539 139 546 171 567 195 646 199 665 189 708 168 606 269 606 287
./sheepimages/data1/set35/CIMG3377_-_SHEEP_#_6.jpg 465 358 330 304 473 383 567 398 559 408 683 454 731 439 786 534 489 611 515 639
./sheepimages/data1/set32/CIMG5058_-_SHEEP_#2.jpg 475 307 309 279 478 328 555 368 558 394 693 391 708 361 773 323 611 552 614 573
./sheepimages/data1/set30/CIMG3387_-_SHEEP_#_5.jpg 291 311 259 209 298 356 358 346 368 370 471 367 486 347 546 338 416 498 418 512
./sheepimages/data1/set13/CIMG2464_-_SHEEP_#29.jpg 492 152 301 452 515 144 530 279 499 347 669 374 705 326 786 276 520 564 527 590
./sheepimages/data2/set10/SWhAdDNLMG5zdGFuVGlWepdvNYN0Phg3o9qHJadjruQ-ERwfs1CBNRfJrGtPhtBpZn_r8acjQpleE2oNN7KVi2_JLCYqekUcCqXPgdF2GoLl02xE0vTZ7MYhvcttm1BV.jpg 38 35 188 159 42 118 91 109 103 130 180 118 184 90 217 40 149 168 151 179
./sheepimages/data1/set8/CIMG2269_-_SHEEP_#1.jpg 120 24 1004 876 137 65 385 221 393 281 859 287 870 226 1115 125 726 746 721 825
./sheepimages/data1/set37/CIMG1604_-_SHEEP_#6.jpg 193 266 429 338 192 292 297 342 312 368 497 369 508 335 613 278 414 559 414 592
./sheepimages/data1/set25/CIMG2697_-_SHEEP_#6.jpg 369 198 558 478 377 259 519 309 528 349 777 338 783 299 917 215 674 605 676 654
./sheepimages/data1/set28/CIMG3070_-_SHEEP_#7.jpg 402 281 466 399 388 376 537 396 570 425 750 390 751 346 867 294 758 648 752 667
./sheepimages/data1/set21/CIMG4383_-_SHEEP_#6.jpg 444 264 569 432 454 353 624 350 634 382 832 389 873 356 1007 387 704 657 708 681
./sheepimages/data1/set26/CIMG3089_-_SHEEP_#3.jpg 249 276 404 405 250 309 377 382 395 416 572 418 583 364 645 276 475 658 476 671
./sheepimages/data2/set7/dorsets.jpg 604 383 180 147 611 401 634 410 666 440 731 446 742 412 776 403 704 502 705 518
./sheepimages/data1/set27/CIMG3204_-_SHEEP_#9.jpg 340 164 736 586 349 173 508 301 529 352 817 358 853 324 1057 225 648 671 651 711
./sheepimages/data1/set28/CIMG5063_-_SHEEP_#2.jpg 910 389 166 147 919 402 946 426 954 439 1031 441 1036 425 1073 407 997 509 998 521
./sheepimages/data1/set17/CIMG5229_-_SHEEP_#19.jpg 523 312 275 268 528 344 579 378 606 391 753 386 733 355 747 307 771 516 765 550
./sheepimages/data2/set2/our-own-personal-sheep.jpg 220 516 149 109 230 529 267 543 271 559 327 559 334 543 367 528 299 598 298 614
./sheepimages/data1/set36/CIMG3395_-_SHEEP_#_3.jpg 510 300 359 320 511 282 594 340 598 376 759 389 768 358 861 318 651 586 650 608
./sheepimages/data1/set30/CIMG2735_-_SHEEP_#9.jpg 97 71 550 644 102 256 256 282 277 333 549 286 548 209 644 84 470 656 475 694
./sheepimages/data1/set6/CIMG2141_-_SHEEP_#15.jpg 168 77 910 917 180 257 364 316 410 442 875 437 843 273 1063 89 714 886 699 951
./sheepimages/data1/set22/CIMG5286_-_SHEEP_#7.jpg 520 148 555 524 532 292 606 347 619 291 891 264 909 299 1060 183 694 543 701 610
./sheepimages/data2/set9/Sheep_20on_20hillside_20BC_20news_20Sept_2009.jpg 392 352 88 60 394 362 409 364 421 369 453 368 462 366 476 362 443 394 442 402
./sheepimages/data1/set30/CIMG5072_-_SHEEP_#1.jpg 668 375 170 154 674 386 712 406 715 424 791 422 798 406 834 386 748 504 750 517
./sheepimages/data1/set30/CIMG3229_-_SHEEP_#7.jpg 217 267 673 507 218 309 412 324 416 402 671 419 723 344 893 339 502 751 507 769
./sheepimages/data1/set15/CIMG3434_-_SHEEP_#36.jpg 417 474 620 505 431 508 587 542 588 623 828 644 858 563 1028 559 651 943 661 970
./sheepimages/data2/set8/114781031_9cb9208a6b.jpg 358 59 49 41 359 71 367 71 372 75 389 73 395 70 402 67 378 87 378 92
./sheepimages/data1/set23/CIMG4509_-_SHEEP_#7.jpg 408 119 380 330 413 147 501 182 512 204 674 215 702 198 784 163 554 401 560 427
./sheepimages/data1/set21/CIMG1338.jpg 301 233 687 567 317 248 361 390 383 437 733 445 788 455 971 264 470 637 471 707
./sheepimages/data2/set7/Domestic_sheep_wallpaper.jpg 654 280 645 381 656 388 834 388 873 393 1075 421 1110 435 1288 470 943 562 939 607
./sheepimages/data1/set33/CIMG3385_-_SHEEP_#_1.jpg 429 342 375 385 443 426 524 480 564 497 721 451 692 430 767 353 797 658 791 691
./sheepimages/data1/set9/CIMG3435_-_SHEEP_#36.jpg 185 206 599 438 188 271 382 337 415 369 647 330 650 291 779 216 610 569 619 612
./sheepimages/data1/set13/CIMG3714_-_SHEEP_#_32.jpg 404 148 604 530 419 225 564 297 592 329 869 306 878 257 998 157 821 604 818 649
./sheepimages/data2/set8/40298766.CountingSheep.jpg 338 452 230 174 343 485 393 501 406 508 497 504 517 485 564 463 439 586 441 608
./sheepimages/data1/set38/CIMG3404_-_SHEEP_#_2.jpg 442 247 443 428 451 269 563 306 561 365 755 372 770 317 880 272 612 645 617 664
./sheepimages/data1/set11/CIMG3732_-_SHEEP_#_39.jpg 339 350 459 437 350 358 450 416 445 453 636 471 704 441 771 366 345 699 364 747
./sheepimages/data2/set5/hello-sheep.jpg 546 215 99 69 550 223 568 227 575 236 616 234 622 228 642 219 598 258 600 269
./sheepimages/data1/set20/CIMG4449_-_SHEEP_#2.jpg 493 241 384 325 500 263 600 306 605 339 760 348 773 319 871 277 668 524 670 548
./sheepimages/data1/set38/CIMG3369_-_SHEEP_#_4.jpg 655 391 251 232 656 414 715 444 712 465 830 463 853 445 901 406 741 575 745 596
./sheepimages/data2/set7/cute-baby-sheep.jpg 33 37 196 159 41 117 95 97 103 128 181 114 180 82 218 42 149 169 151 181
./sheepimages/data2/set8/article-0-14215CE0000005DC-388_468x602.jpg 108 69 257 232 115 95 170 109 181 135 286 130 300 111 359 95 232 258 235 281
./sheepimages/data1/set34/CIMG5089_-_SHEEP_#3.jpg 459 457 304 282 463 482 533 530 545 547 674 545 685 520 754 468 599 706 600 731
./sheepimages/data1/set32/CIMG4655__-_SHEEP_#7.jpg 444 245 390 265 449 275 535 312 549 310 719 322 742 316 833 277 635 450 634 481
./sheepimages/data2/set7/depositphotos_1596239-Herd-of-sheep.jpg 17 338 251 176 23 351 80 384 100 393 200 392 210 384 261 359 168 474 168 494
./sheepimages/data2/set7/herd-sheep-9223815.jpg 392 88 224 177 398 98 452 135 471 147 561 147 573 127 610 92 515 221 515 240
./sheepimages/data1/set35/CIMG3597_-_SHEEP_#1.jpg 334 184 772 713 344 222 528 289 546 378 901 379 913 281 1089 210 718 805 716 856
./sheepimages/data2/set4/Sheep_Stodmarsh_6.jpg 165 141 439 329 182 154 276 262 297 288 465 295 487 273 583 194 377 365 375 400
./sheepimages/data2/set1/islay-cheviot-sheep.jpg 250 9 80 95 256 16 267 38 269 49 307 48 312 40 326 18 288 89 287 97
./sheepimages/data1/set4/CIMG1135_-_Sheep_#_20.jpg 17 304 499 389 25 315 158 376 161 437 373 430 380 368 504 314 272 653 277 674
./sheepimages/data1/set38/CIMG3614_-_SHEEP_#2.jpg 299 71 894 872 298 188 510 239 551 332 953 319 957 237 1199 96 799 862 781 916
./sheepimages/data1/set26/CIMG2721_-_SHEEP_#8.jpg 132 339 471 410 135 378 258 418 277 465 467 457 469 405 598 352 386 711 386 736
./sheepimages/data1/set14/CIMG3438_-_SHEEP_#34.jpg 381 124 584 579 413 130 470 266 456 321 724 397 768 377 956 322 438 607 433 653
./sheepimages/data1/set18/CIMG5919_-_SHEEP_#_33.jpg 581 241 353 353 596 258 634 305 655 343 832 347 823 298 927 271 793 544 785 569
./sheepimages/data1/set4/CIMG1128_-_Sheep_#_15.jpg 364 196 626 479 371 257 537 289 538 368 810 375 810 281 971 213 664 641 668 664
./sheepimages/data1/set1/CIMG1013_-_Sheep_#7.jpg 107 336 510 493 107 328 245 417 220 502 427 545 467 464 599 452 230 812 248 829
./sheepimages/data1/set6/CIMG1876_-_SHEEP_#1.jpg 235 127 773 824 250 155 449 255 422 363 785 423 820 322 999 331 472 906 475 943
./sheepimages/data2/set6/sheep_20family.jpg 515 180 178 104 528 192 558 192 573 204 634 202 653 197 684 198 599 262 598 275
./sheepimages/data1/set1/CIMG1005_-_Sheep_#10.jpg 120 188 560 554 129 197 284 344 295 379 558 408 566 350 669 247 420 680 415 716
./sheepimages/data2/set3/Blackface-Sheep-Scotland.jpg 685 102 267 187 693 129 753 137 758 154 857 156 879 141 946 137 787 245 785 264
./sheepimages/data1/set21/CIMG1281.jpg 455 244 413 370 463 271 558 329 565 344 743 361 755 338 862 303 678 567 675 598
./sheepimages/data1/set11/CIMG5909_-_SHEEP_#_36.jpg 343 220 663 459 360 286 509 342 551 355 830 338 825 313 990 233 809 561 808 608
./sheepimages/data1/set33/CIMG3592_-_SHEEP_#4.jpg 331 63 719 676 351 117 528 247 569 325 885 276 889 209 1028 82 783 636 783 692
./sheepimages/data1/set8/CIMG2840_-_SHEEP_#23.jpg 436 69 805 854 544 22 597 249 526 365 894 464 971 361 1219 267 512 829 513 898
./sheepimages/data1/set2/CIMG1028_-_Sheep_#12.jpg 357 313 508 447 365 324 504 394 493 467 716 486 733 421 857 379 560 729 562 746
./sheepimages/data1/set21/CIMG1500_-_SHEEP_#2.jpg 381 219 556 398 389 339 550 342 573 346 760 315 807 299 928 246 658 550 671 595
./sheepimages/data2/set10/Texel_20Sheep_20on_20Spout_20House_20Farm_20compressed.jpg 703 473 148 127 706 492 729 502 738 511 802 519 809 508 847 505 783 576 781 589
./sheepimages/data1/set27/CIMG1611_-_SHEEP_#5.jpg 247 21 1047 970 273 27 492 274 538 346 1009 355 1014 259 1289 98 851 874 838 956
./sheepimages/data1/set9/CIMG2995_-_SHEEP_#2.jpg 252 211 938 665 254 312 504 325 505 405 830 422 908 425 1194 543 471 800 475 834
./sheepimages/data2/set9/wicklow-mountains-sheep-58.4.jpg 875 222 106 147 902 221 899 253 898 287 949 290 958 265 975 229 914 349 914 355
./sheepimages/data1/set21/CIMG6002_-_SHEEP_#8.jpg 441 153 423 392 450 176 552 254 599 276 772 297 778 264 853 223 757 484 745 514
./sheepimages/data2/set8/114781031_9cb9208a6b.jpg 33 170 61 43 36 182 45 185 54 188 76 188 79 185 88 181 70 200 69 204
./sheepimages/data1/set27/CIMG2737_-_SHEEP_#1.jpg 218 157 897 612 223 209 474 267 495 310 791 370 834 368 1110 397 534 684 529 737
./sheepimages/data1/set26/CIMG1814_-_SHEEP_#8.jpg 267 119 880 751 285 163 518 245 517 303 860 310 944 255 1129 140 564 772 587 828
./sheepimages/data1/set23/CIMG2033_-_SHEEP_#5.jpg 126 123 821 645 131 130 363 299 402 357 697 347 710 290 942 183 597 710 596 744
./sheepimages/data1/set35/CIMG5047_-_SHEEP_#4.jpg 600 309 229 198 609 325 657 349 654 371 760 372 780 358 816 327 669 462 672 484
./sheepimages/data1/set14/CIMG5212_-_SHEEP_#18.jpg 414 330 451 422 429 356 525 394 549 434 743 455 756 422 855 433 675 694 669 727
./sheepimages/data1/set33/CIMG3206_-_SHEEP_#2.jpg 441 215 470 466 446 209 541 318 571 386 783 378 788 326 913 260 697 641 697 672
./sheepimages/data1/set7/CIMG2118_-_SHEEP_#14.jpg 451 169 724 598 461 228 589 274 655 360 983 321 967 241 1162 187 950 678 937 722
./sheepimages/data1/set11/CIMG3468_-_SHEEP_#39.jpg 522 208 630 588 533 217 648 344 649 410 929 425 950 376 1133 289 731 727 736 775
./sheepimages/data1/set18/CIMG4560_-_SHEEP_#4.jpg 426 265 502 398 436 325 550 329 568 353 786 339 802 308 919 276 677 608 679 640
./sheepimages/data2/set10/Sheep_2B1.jpg 328 185 207 188 337 195 372 228 377 247 483 250 492 229 527 198 430 339 429 357
./sheepimages/data1/set22/CIMG1521_-_SHEEP_#4.jpg 119 121 1100 787 143 204 395 262 480 299 886 294 916 261 1200 226 689 797 691 863
./sheepimages/data1/set1/CIMG1010_-_Sheep_#4.jpg 213 187 436 357 213 247 318 301 314 321 511 313 530 310 643 201 352 451 358 503
./sheepimages/data1/set5/CIMG1460_-_SHEEP_#7.jpg 342 188 755 576 357 213 562 282 563 336 869 362 909 316 1086 267 641 704 648 743
./sheepimages/data1/set21/CIMG4618__-_SHEEP_#1.jpg 213 457 430 365 219 489 322 525 334 549 510 551 538 529 627 474 377 771 387 798
./sheepimages/data1/set10/CIMG4360_-_SHEEP_#4.jpg 163 60 1141 926 188 109 470 167 481 266 956 332 1042 231 1299 239 525 901 541 962
./sheepimages/data2/set9/wicklow-mountains-sheep-58.4.jpg 240 183 100 110 251 193 261 210 262 227 299 230 312 217 324 191 263 270 266 281
./sheepimages/data1/set24/CIMG1798_-_SHEEP_#2.jpg 289 170 793 690 303 207 495 270 504 339 867 353 903 287 1064 249 634 775 630 831
./sheepimages/data1/set23/CIMG5313_-_SHEEP_#9.jpg 366 146 617 546 374 184 536 266 582 282 843 290 847 256 973 195 866 616 849 660
./sheepimages/data1/set30/CIMG3596_-_SHEEP_#1.jpg 269 168 747 695 285 239 463 316 489 380 831 370 845 295 1004 194 672 765 674 816
./sheepimages/data2/set8/114781031_9cb9208a6b.jpg 235 54 43 38 238 61 246 65 251 67 266 65 270 62 277 58 260 75 261 82
./sheepimages/data1/set34/CIMG3067_-_SHEEP_#9.jpg 392 242 498 474 408 367 549 400 568 421 788 390 802 367 880 251 699 648 706 683
./sheepimages/data2/set1/img2004-10-27-084420.jpg 458 303 68 55 462 315 475 316 480 327 505 326 512 319 524 319 491 340 492 350
./sheepimages/data2/set6/sheep-lamb-cute.jpg 710 507 225 162 720 527 768 551 780 582 861 586 874 557 927 532 816 639 814 655
./sheepimages/data1/set22/CIMG5189_-_SHEEP_#7.jpg 520 279 407 437 529 356 606 427 622 415 847 385 858 392 917 299 797 626 802 665
./sheepimages/data1/set14/CIMG2534_-_SHEEP_#27.jpg 198 55 649 794 214 347 379 404 406 471 753 422 731 314 849 35 677 752 681 803
./sheepimages/data1/set31/CIMG3107_-_SHEEP_#2.jpg 345 98 624 656 346 120 499 230 498 315 781 351 806 288 981 211 576 709 577 739
./sheepimages/data2/set8/sheep.jpg 153 35 244 223 186 49 250 68 246 101 312 111 343 82 336 51 175 205 189 235
./sheepimages/data2/set6/sheep5.jpg 491 387 272 172 499 446 573 485 582 479 682 469 697 455 753 395 623 513 626 533
./sheepimages/data1/set3/CIMG1075_-_SHEEP_#20.jpg 367 95 724 578 379 115 552 223 567 282 888 290 885 231 1084 157 752 585 749 632
./sheepimages/data2/set9/wicklow-mountains-sheep-58.4.jpg 514 278 136 181 520 308 556 335 551 361 612 368 630 341 646 287 554 431 554 444
./sheepimages/data1/set34/CIMG3388_-_SHEEP_#_5.jpg 226 316 275 230 235 364 301 364 306 382 420 383 437 367 501 352 355 525 358 537
./sheepimages/data2/set9/Shetland-sheep-Coconut_0597.jpg 612 326 199 157 621 343 656 363 669 376 760 376 771 360 804 343 712 437 713 456
./sheepimages/data1/set29/CIMG1779_-_SHEEP_#9.jpg 284 160 585 537 287 260 424 304 453 351 717 332 729 262 862 183 639 617 637 661
./sheepimages/data1/set4/CIMG1311.jpg 234 341 526 492 247 473 400 485 451 539 648 492 649 433 747 353 651 799 641 821
./sheepimages/data1/set14/CIMG5884_-_SHEEP_#_34.jpg 454 303 326 285 464 320 535 389 559 395 708 407 714 392 773 346 684 519 680 553
./sheepimages/data2/set4/close-up-sheep-21834719.jpg 23 30 329 193 35 83 119 94 135 88 242 87 257 94 337 81 197 158 201 183
./sheepimages/data2/set1/img2004-10-27-084420.jpg 255 262 82 65 260 273 275 276 281 286 313 288 320 280 334 276 297 304 297 313
./sheepimages/data1/set1/CIMG1000_-_Sheep_#5.jpg 289 173 665 472 295 186 487 247 491 305 746 320 763 256 937 225 579 601 581 629
./sheepimages/data1/set26/CIMG1828_-_SHEEP_#7.jpg 387 111 618 664 403 203 552 224 565 325 862 301 881 194 989 124 730 723 736 756
./sheepimages/data2/set6/sheep3-copy.jpg 3 95 272 180 9 125 63 148 88 148 197 140 212 145 265 144 153 225 153 247
./sheepimages/data1/set20/CIMG4641__-_SHEEP_#7.jpg 566 261 264 216 569 279 633 294 644 320 751 319 761 294 824 272 708 455 709 470
