451 174 553 254 599 275 771 296 779 265 855 224 760 484 747 514 
36 182 45 185 54 188 76 188 79 185 88 181 70 200 69 204 
225 215 478 266 502 306 785 368 830 372 1119 401 532 687 531 737 
288 167 515 240 514 304 858 309 943 251 1125 146 564 769 587 821 
131 125 371 302 401 362 692 346 703 288 940 183 596 713 598 746 
609 324 656 349 654 371 761 372 780 359 816 327 669 463 672 485 
428 358 528 392 550 436 743 455 756 421 853 435 677 695 670 729 
449 203 538 319 565 388 783 380 787 328 914 261 697 644 697 673 
465 229 591 276 656 356 979 321 963 243 1161 187 954 687 939 724 
536 216 651 345 651 410 930 422 952 379 1131 293 723 726 729 773 
438 330 550 333 568 355 790 338 800 311 915 276 677 606 679 639 
335 196 372 228 376 248 484 251 492 229 529 198 430 341 429 358 
151 199 401 263 488 306 886 301 915 263 1195 224 686 799 690 864 
209 250 319 298 316 322 512 317 531 307 640 203 352 450 358 503 
353 209 561 285 560 335 868 362 906 319 1088 265 640 706 647 743 
220 488 318 525 332 548 509 549 537 529 626 472 377 771 386 798 
187 103 468 173 480 268 958 335 1040 237 1295 244 523 904 539 964 
251 194 261 211 262 227 300 230 312 218 323 191 263 270 266 281 
302 206 498 275 499 341 872 350 911 289 1062 253 636 778 628 833 
376 185 539 266 582 284 842 295 848 256 974 197 866 619 849 662 
288 232 463 316 485 383 834 375 848 295 1003 194 671 762 673 814 
238 61 246 65 251 67 266 65 270 62 277 58 260 75 261 82 
404 366 548 399 568 419 787 389 803 363 880 253 697 649 705 684 
462 315 475 316 480 327 505 327 512 319 524 319 491 341 492 350 
720 526 769 551 781 582 862 587 875 557 927 532 815 640 813 655 
528 355 605 426 621 415 852 384 860 393 913 300 797 626 802 666 
215 362 381 404 407 472 752 421 735 309 856 32 679 758 684 804 
345 112 496 230 495 313 780 351 807 289 980 213 576 713 578 740 
187 50 249 67 247 101 312 111 343 81 332 49 173 206 188 236 
498 446 573 489 583 482 680 471 696 457 754 395 624 513 626 533 
384 117 552 219 565 279 891 290 885 225 1080 156 749 588 749 631 
520 309 556 334 550 361 612 368 630 341 647 286 554 431 554 444 
237 362 301 363 306 384 422 384 440 368 500 351 353 524 356 537 
620 346 656 362 670 375 760 376 772 360 803 348 712 436 713 456 
289 260 423 302 453 351 715 333 728 263 859 183 639 616 637 660 
250 471 404 485 456 540 647 491 648 434 746 356 652 799 642 822 
463 319 534 391 558 392 708 407 715 394 775 345 684 519 681 553 
38 84 118 93 137 87 240 87 256 93 335 81 196 158 201 183 
260 273 275 275 281 286 313 288 320 280 334 276 297 303 297 313 
296 187 488 249 492 305 748 320 762 255 930 223 586 600 588 629 
407 201 550 225 564 326 866 300 882 196 988 121 729 727 735 756 
9 128 64 148 87 147 197 138 214 145 266 145 153 225 153 247 
571 279 634 294 645 320 751 319 761 293 822 272 708 455 709 470 
337 194 509 207 511 314 800 359 920 245 1028 243 490 852 533 885 
128 69 135 69 139 72 157 71 159 68 166 67 150 85 151 89 
79 127 98 125 102 132 137 135 143 128 162 127 115 157 116 165 
13 109 115 120 151 137 339 135 377 140 476 110 250 263 245 306 
282 72 453 273 462 344 806 347 835 293 1001 135 580 696 591 759 
244 157 397 310 471 374 806 347 797 267 1023 136 779 672 778 729 
310 300 349 367 467 411 694 355 643 280 819 159 834 647 825 701 
162 78 214 97 226 117 330 112 337 93 380 53 277 192 280 214 
365 161 507 241 503 286 695 347 780 339 878 333 403 559 412 604 
319 317 438 364 454 357 704 343 710 301 851 180 594 622 596 656 
