"./training_data/set1/Icelandic_sheep_summer_06.jpg,182,152,300,250,195,162,240,206,244,235,397,236,408,209,472,156,317,341,314,379"
"./training_data/set1/im1.jpg,13,7,232,164,12,11,71,30,75,52,164,70,186,62,246,64,74,145,72,164"
"./training_data/set1/image11.jpg,7,6,259,167,13,48,75,53,92,61,190,59,203,52,263,48,137,133,137,155"
"./training_data/set1/images.jpg,56,26,204,147,60,62,105,67,119,71,194,68,210,59,255,40,160,139,163,160"
"./training_data/set1/img2004-10-27-084420.jpg,255,262,82,65,260,273,275,276,281,286,313,288,320,280,334,276,297,304,297,313"
"./training_data/set1/img2004-10-27-084420.jpg,458,303,68,55,462,315,475,316,480,327,505,326,512,319,524,319,491,340,492,350"
"./training_data/set1/IMG_0349.jpg,9,357,158,131,5,398,35,399,45,406,108,400,123,390,163,376,72,460,73,475"
"./training_data/set1/IMG_0349.jpg,737,210,164,118,743,239,781,249,791,252,854,249,873,243,899,216,820,295,821,311"
"./training_data/set1/IMG_0349.jpg,1106,136,131,111,1118,147,1129,161,1133,172,1188,167,1207,158,1233,143,1153,215,1154,227"
"./training_data/set1/islay-cheviot-sheep.jpg,40,87,61,66,45,94,58,111,60,124,83,123,88,113,99,93,71,142,72,146"
"./training_data/set1/islay-cheviot-sheep.jpg,250,9,80,95,256,16,267,38,269,49,307,48,312,40,326,18,288,89,287,97"
"./training_data/set1/leicesterlongwool.jpg,12,21,97,73,17,32,37,31,42,37,82,40,89,37,107,35,55,74,55,81"
"./training_data/set1/Lleyn_sheep.jpg,595,103,218,165,599,127,644,135,655,150,747,151,753,133,801,116,715,227,716,245"
"./training_data/set1/Lleyn_sheep_350.jpg,33,57,70,51,39,64,54,68,57,77,82,77,88,71,101,67,64,97,65,103"
"./training_data/set1/Lleyn_sheep_350.jpg,173,59,59,48,173,64,186,69,190,80,213,79,217,74,230,69,201,94,202,101"
