"./dataset/set34/CIMG1812_-_SHEEP_#8.jpg,157,115,788,725,160,145,360,229,364,300,673,339,768,283,925,205,331,737,346,795"
"./dataset/set34/CIMG3067_-_SHEEP_#9.jpg,392,242,498,474,408,367,549,400,568,421,788,390,802,367,880,251,699,648,706,683"
"./dataset/set34/CIMG3109_-_SHEEP_#2.jpg,109,125,505,474,124,151,251,229,267,296,478,286,485,225,609,146,390,569,389,590"
"./dataset/set34/CIMG3232_-_SHEEP_#5.jpg,459,207,727,533,460,284,640,290,674,338,971,344,982,287,1186,272,847,680,845,716"
"./dataset/set34/CIMG3367_-_SHEEP_#_4.jpg,499,369,240,230,504,388,558,419,567,446,678,439,686,415,735,385,624,561,626,581"
"./dataset/set34/CIMG3388_-_SHEEP_#_5.jpg,226,316,275,230,235,364,301,364,306,382,420,383,437,367,501,352,355,525,358,537"
"./dataset/set34/CIMG3601_-_SHEEP_#3.jpg,165,118,921,863,178,155,412,261,427,366,844,370,888,288,1092,190,560,899,575,961"
"./dataset/set34/CIMG5041_-_SHEEP_#4.jpg,523,411,218,197,527,432,579,459,582,478,682,473,688,454,732,426,633,574,633,592"
"./dataset/set34/CIMG5073_-_SHEEP_#1.jpg,676,369,166,157,682,384,722,402,725,422,801,418,806,403,842,380,757,498,759,512"
"./dataset/set34/CIMG5089_-_SHEEP_#3.jpg,459,457,304,282,463,482,533,530,545,547,674,545,685,520,754,468,599,706,600,731"
