"./dataset/set22/CIMG1414.jpg,324,204,994,710,328,322,574,309,648,372,1010,366,1039,301,1314,304,885,864,877,896"
"./dataset/set22/CIMG1521_-_SHEEP_#4.jpg,119,121,1100,787,143,204,395,262,480,299,886,294,916,261,1200,226,689,797,691,863"
"./dataset/set22/CIMG1890.jpg,235,96,683,542,246,126,404,238,414,256,716,293,742,279,913,197,509,540,510,597"
"./dataset/set22/CIMG2035_-_SHEEP_#1.jpg,512,201,447,519,558,210,562,322,531,407,738,416,793,378,955,312,554,678,559,702"
"./dataset/set22/CIMG4455_-_SHEEP_#1.jpg,558,362,165,153,559,371,593,388,602,409,678,410,685,391,722,371,638,496,639,506"
"./dataset/set22/CIMG4501_-_SHEEP_#7.jpg,389,214,517,442,397,267,513,287,533,328,753,322,787,281,890,234,629,609,634,635"
"./dataset/set22/CIMG5189_-_SHEEP_#7.jpg,520,279,407,437,529,356,606,427,622,415,847,385,858,392,917,299,797,626,802,665"
"./dataset/set22/CIMG5286_-_SHEEP_#7.jpg,520,148,555,524,532,292,606,347,619,291,891,264,909,299,1060,183,694,543,701,610"
"./dataset/set22/CIMG5553_-_SHEEP_#9.jpg,502,195,307,249,509,226,575,277,583,267,716,279,733,291,800,246,607,393,609,419"
"./dataset/set22/CIMG6004_-_SHEEP_#8.jpg,461,222,410,329,471,244,562,301,576,323,745,332,773,314,865,264,616,490,618,524"
