"imgName, bx, by, w, h, 8 points(xi, yi)"
"./training_data/set3/01_62_25---Black-Sheep_web.jpg,89,71,185,134,100,83,141,95,150,122,213,122,230,98,267,88,177,171,178,185"
"./training_data/set3/07_05_33---Flock-of-Sheep_web.jpg,319,96,95,94,329,109,348,125,351,138,386,135,394,125,409,105,362,168,364,178"
"./training_data/set3/07_05_33---Flock-of-Sheep_web.jpg,512,81,86,98,518,88,535,117,539,125,583,127,585,115,593,85,558,155,558,166"
"./training_data/set3/07_05_33---Flock-of-Sheep_web.jpg,151,134,112,71,161,140,185,144,188,152,223,154,235,157,257,147,191,179,191,191"
"./training_data/set3/07_05_33---Flock-of-Sheep_web.jpg,91,89,91,76,101,98,114,112,117,117,151,119,157,114,176,98,124,141,124,152"
"./training_data/set3/07_48_2---Sheep-and-Lambs_web.jpg,207,169,71,52,212,181,226,189,232,194,255,194,261,188,273,174,241,206,242,211"
"./training_data/set3/07_48_2---Sheep-and-Lambs_web.jpg,392,44,94,83,397,52,413,61,421,70,458,72,463,64,482,55,440,107,439,115"
"./training_data/set3/1.jpg,113,106,73,50,124,111,134,122,137,122,160,122,165,121,181,116,149,141,148,147"
"./training_data/set3/1.jpg,57,95,71,62,62,105,75,114,84,118,112,119,114,114,126,104,106,139,105,147"
"./training_data/set3/10883960_mother_sheep_and_her_lamb.jpg,124,64,257,194,135,99,193,113,206,120,311,117,321,104,375,78,261,206,262,233"
"./training_data/set3/10883960_mother_sheep_and_her_lamb.jpg,703,180,270,158,717,201,779,227,801,239,878,238,895,225,956,194,842,299,844,313"
"./training_data/set3/1797416.jpg,244,113,272,214,251,130,306,155,325,189,436,186,449,151,507,135,382,285,384,305"
"./training_data/set3/437225-sheep.jpg,345,22,136,116,355,37,381,54,387,59,442,59,449,50,473,36,420,105,420,119"
"./training_data/set3/az_sheep.jpg,84,0,379,277,105,3,182,75,193,113,350,118,362,67,443,5,265,219,264,246"
"./training_data/set3/Blackface-Sheep-Scotland.jpg,685,102,267,187,693,129,753,137,758,154,857,156,879,141,946,137,787,245,785,264"
"./training_data/set3/Blackface-Sheep-Scotland.jpg,107,426,190,127,120,442,168,458,188,473,248,465,249,452,285,425,234,517,234,528"
"./training_data/set3/Sheep-cumbria.jpg,679,172,247,203,690,191,744,219,750,243,859,242,866,214,918,187,807,324,807,350"
"./training_data/set3/Sheep-cumbria.jpg,908,245,223,159,911,274,960,291,973,306,1062,307,1067,287,1123,270,1033,363,1031,381"
