"./training_data/set9/Sheep%20on%20hillside%20BC%20news%20Sept%2009.jpg,392,352,88,60,394,362,409,364,421,369,453,368,462,366,476,362,443,394,442,402"
"./training_data/set9/Sheep%20on%20hillside%20BC%20news%20Sept%2009.jpg,128,325,77,68,131,338,145,343,153,350,180,350,187,346,202,340,162,368,164,376"
"./training_data/set9/Sheep%20on%20hillside%20BC%20news%20Sept%2009.jpg,884,329,102,64,897,337,909,341,923,348,956,351,967,346,982,341,937,374,937,382"
"./training_data/set9/Sheep%20on%20hillside%20BC%20news%20Sept%2009.jpg,599,336,84,69,604,345,618,354,625,360,657,360,660,355,679,349,650,383,650,393"
"./training_data/set9/sheep-photos-2.jpg,828,121,160,124,840,144,862,154,866,166,933,170,943,159,988,145,894,204,892,223"
"./training_data/set9/sheep-photos-2.jpg,58,435,157,105,71,452,110,461,114,480,167,474,176,461,207,450,141,517,141,530"
"./training_data/set9/Sheep0003.jpg,7,92,519,336,18,144,134,182,159,221,372,209,395,185,515,119,246,330,248,375"
"./training_data/set9/sheephome.jpg,101,61,64,53,104,72,120,78,123,85,148,84,149,77,164,71,133,101,134,108"
"./training_data/set9/sheephome.jpg,245,50,67,62,248,58,262,63,267,72,292,72,295,64,309,56,279,95,280,102"
"./training_data/set9/sheephome.jpg,181,35,55,63,188,45,195,56,200,64,220,64,222,57,234,53,209,84,209,90"
"./training_data/set9/sheephome.jpg,39,47,58,63,43,52,53,66,52,77,77,77,81,68,93,61,60,96,61,102"
"./training_data/set9/Shetland-sheep-Coconut_0597.jpg,612,326,199,157,621,343,656,363,669,376,760,376,771,360,804,343,712,437,713,456"
"./training_data/set9/SX18002%20Sheep%20and%20lamb.jpg,419,224,186,123,426,254,468,249,480,249,548,244,558,245,600,246,522,307,522,327"
"./training_data/set9/SX18002%20Sheep%20and%20lamb.jpg,728,353,132,88,731,369,763,377,771,391,818,391,826,379,856,369,792,419,794,429"
"./training_data/set9/UllsHerdwicks%5B1%5D.jpg,729,360,105,89,737,390,747,382,760,386,806,386,809,378,827,370,798,421,798,432"
"./training_data/set9/UllsHerdwicks%5B1%5D.jpg,321,482,79,74,325,507,340,504,347,509,377,502,382,497,394,492,366,533,366,543"
"./training_data/set9/UllsHerdwicks%5B1%5D.jpg,88,579,85,63,93,602,109,599,116,602,151,597,153,593,168,589,142,620,142,627"
"./training_data/set9/wallpaper-of-Sheep-608.jpg,90,134,158,129,98,200,142,187,148,210,207,190,210,169,241,149,187,242,191,253"
"./training_data/set9/wallpaper-of-Sheep-608.jpg,342,35,154,136,349,86,391,93,403,110,459,97,465,77,491,41,435,148,438,157"
"./training_data/set9/whitedorper2.jpg,32,25,65,48,38,35,51,40,56,40,78,43,84,42,95,40,55,59,56,64"
"./training_data/set9/wicklow-mountains-sheep-58.4.jpg,514,278,136,181,520,308,556,335,551,361,612,368,630,341,646,287,554,431,554,444"
"./training_data/set9/wicklow-mountains-sheep-58.4.jpg,657,250,103,157,664,281,680,300,689,325,745,326,743,294,754,256,715,388,715,395"
"./training_data/set9/wicklow-mountains-sheep-58.4.jpg,875,222,106,147,902,221,899,253,898,287,949,290,958,265,975,229,914,349,914,355"
"./training_data/set9/wicklow-mountains-sheep-58.4.jpg,11,269,98,127,11,282,27,297,32,318,85,317,86,298,102,276,58,378,61,387"
"./training_data/set9/wicklow-mountains-sheep-58.4.jpg,240,183,100,110,251,193,261,210,262,227,299,230,312,217,324,191,263,270,266,281"
