"./dataset/set20/CIMG1283.jpg,433,266,472,413,444,332,551,332,571,390,764,387,771,321,895,311,690,665,688,673"
"./dataset/set20/CIMG1885.jpg,367,177,402,352,379,190,468,245,467,272,631,327,659,314,759,294,464,469,462,502"
"./dataset/set20/CIMG2032_-_SHEEP_#5.jpg,168,299,817,537,181,355,393,377,430,418,734,409,759,369,971,340,614,770,617,812"
"./dataset/set20/CIMG4449_-_SHEEP_#2.jpg,493,241,384,325,500,263,600,306,605,339,760,348,773,319,871,277,668,524,670,548"
"./dataset/set20/CIMG4471_-_SHEEP_#5.jpg,622,156,334,320,629,165,672,237,680,252,832,273,854,260,946,207,703,397,703,432"
"./dataset/set20/CIMG4487_-_SHEEP_#3.jpg,585,430,182,223,592,436,610,479,615,508,708,507,719,484,761,445,655,629,660,643"
"./dataset/set20/CIMG4641__-_SHEEP_#7.jpg,566,261,264,216,569,279,633,294,644,320,751,319,761,294,824,272,708,455,709,470"
"./dataset/set20/CIMG5401_-_SHEEP_#6.jpg,306,264,573,367,312,301,471,349,497,338,706,341,718,343,869,294,630,567,631,607"
"./dataset/set20/CIMG5987_-_SHEEP_#7.jpg,389,203,699,549,405,265,566,323,594,340,894,329,909,309,1068,234,761,647,769,690"
"./dataset/set20/DC_2838 - SHEEP #7.jpg,272,268,564,458,280,358,422,412,425,364,702,359,722,399,820,305,561,609,566,673"
