"imgName, bx, by, w, h, 8 points(xi, yi)"
"./training_data/set6/sheep%20family.jpg,11,107,167,129,16,133,37,132,60,140,125,147,151,135,175,137,75,212,77,222"
"./training_data/set6/sheep%20family.jpg,135,235,170,120,143,266,177,267,191,283,247,280,263,262,297,261,218,331,217,338"
"./training_data/set6/sheep%20family.jpg,312,154,170,109,325,163,365,168,371,179,429,181,439,169,473,168,391,234,390,248"
"./training_data/set6/sheep%20family.jpg,515,180,178,104,528,192,558,192,573,204,634,202,653,197,684,198,599,262,598,275"
"./training_data/set6/sheep%20family.jpg,667,330,121,92,673,347,699,358,704,374,746,381,755,365,785,356,722,404,721,414"
"./training_data/set6/sheep+pictures+2.jpg,208,107,183,121,213,124,259,144,268,156,333,159,340,146,382,116,300,197,300,208"
"./training_data/set6/sheep+pictures+2.jpg,71,78,152,114,81,93,107,116,125,124,180,128,184,111,220,96,166,164,164,176"
"./training_data/set6/sheep-lamb-cute.jpg,512,204,288,207,515,256,563,245,589,251,717,264,734,263,795,265,662,354,658,382"
"./training_data/set6/sheep-lamb-cute.jpg,710,507,225,162,720,527,768,551,780,582,861,586,874,557,927,532,816,639,814,655"
"./training_data/set6/Sheep1-1jyf79s.jpg,596,371,240,173,603,396,661,392,668,414,757,423,771,400,831,410,693,522,695,535"
"./training_data/set6/Sheep1-1jyf79s.jpg,386,116,157,106,391,146,425,145,435,144,492,143,500,140,539,130,468,192,469,205"
"./training_data/set6/sheep1smallb.jpg,142,26,119,87,149,44,170,46,177,56,227,51,238,44,256,40,186,84,187,95"
"./training_data/set6/sheep2.jpg,13,161,176,138,23,185,61,198,67,213,145,206,154,192,184,171,88,267,90,284"
"./training_data/set6/sheep3-copy.jpg,3,95,272,180,9,125,63,148,88,148,197,140,212,145,265,144,153,225,153,247"
"./training_data/set6/sheep3-copy.jpg,555,314,262,149,556,340,627,350,647,351,739,349,759,352,811,377,696,423,697,438"
"./training_data/set6/sheep5.jpg,491,387,272,172,499,446,573,485,582,479,682,469,697,455,753,395,623,513,626,533"
