"./dataset/set37/CIMG1604_-_SHEEP_#6.jpg,193,266,429,338,192,292,297,342,312,368,497,369,508,335,613,278,414,559,414,592"
"./dataset/set37/CIMG2704_-_SHEEP_#2.jpg,85,215,487,442,89,237,205,298,222,330,454,325,458,302,564,232,371,583,365,632"
"./dataset/set37/CIMG3066_-_SHEEP_#9.jpg,481,323,341,312,490,389,594,421,612,437,759,422,763,400,821,333,719,586,721,609"
"./dataset/set37/CIMG3209_-_SHEEP_#8.jpg,555,216,473,388,565,287,658,300,700,344,890,323,879,263,1018,231,875,562,868,588"
"./dataset/set37/CIMG3211_-_SHEEP_#8.jpg,425,241,524,387,435,269,558,316,577,349,799,358,811,320,941,270,705,567,705,601"
"./dataset/set37/CIMG3216_-_SHEEP_#3.jpg,276,244,840,600,287,271,525,319,547,400,852,405,869,347,1114,369,674,797,678,827"
"./dataset/set37/CIMG3384_-_SHEEP_#_1.jpg,426,359,353,359,430,441,505,483,548,506,692,461,670,426,742,357,767,664,765,690"
"./dataset/set37/CIMG5051_-_SHEEP_#2.jpg,1003,380,180,155,1009,394,1040,418,1045,432,1126,437,1134,422,1174,403,1089,504,1088,520"
"./dataset/set37/CIMG5075_-_SHEEP_#1.jpg,591,322,199,186,595,325,636,362,641,380,733,388,739,370,787,347,677,475,677,494"
"./dataset/set37/CIMG5100_-_SHEEP_#5.jpg,613,380,165,120,621,410,659,401,666,411,731,407,740,400,774,393,694,480,695,490"
