"./dataset/set2/CIMG1021_-_Sheep_#3.jpg,88,333,460,513,95,353,230,458,245,539,475,545,456,460,528,315,375,804,369,835"
"./dataset/set2/CIMG1022_-_Sheep_#3.jpg,222,261,464,538,232,260,335,405,334,462,567,520,575,440,683,335,399,753,393,774"
"./dataset/set2/CIMG1027_-_Sheep_#6.jpg,212,328,346,285,218,330,308,398,306,420,455,429,462,408,558,347,371,555,368,582"
"./dataset/set2/CIMG1028_-_Sheep_#12.jpg,357,313,508,447,365,324,504,394,493,467,716,486,733,421,857,379,560,729,562,746"
"./dataset/set2/CIMG1029_-_Sheep_#12.jpg,158,338,390,337,164,346,265,414,258,453,438,454,446,421,541,349,322,622,324,653"
"./dataset/set2/CIMG1031_-_Sheep_#2.jpg,257,139,604,518,257,380,472,452,512,466,714,335,656,298,652,149,819,572,828,609"
"./dataset/set2/CIMG1033_-_Sheep_#2.jpg,86,147,443,531,91,183,232,340,252,374,483,368,457,305,520,160,431,621,421,654"
"./dataset/set2/CIMG1038_-_Sheep_#11.jpg,379,33,792,721,388,141,609,260,592,321,915,297,933,243,1159,55,694,658,702,706"
"./dataset/set2/CIMG1041_-_Sheep_#9.jpg,246,174,764,581,251,260,482,264,467,387,762,439,778,303,999,354,566,738,567,747"
"./dataset/set2/CIMG1045_-_Sheep_#9.jpg,466,41,815,657,479,60,663,210,655,240,984,317,1001,274,1263,150,743,580,733,637"
