"./dataset/set36/CIMG3102_-_SHEEP_#6.jpg,458,193,448,489,468,217,585,348,666,408,842,378,771,300,730,178,879,635,862,661"
"./dataset/set36/CIMG3241_-_SHEEP_#6.jpg,181,85,732,634,198,123,420,151,400,257,668,304,760,218,901,218,393,666,416,697"
"./dataset/set36/CIMG3371_-_SHEEP_#_6.jpg,336,312,584,395,352,383,506,390,514,379,726,395,748,424,911,445,576,642,579,675"
"./dataset/set36/CIMG3379_-_SHEEP_#_1.jpg,494,303,365,345,495,336,587,383,601,410,770,402,784,368,851,304,710,598,708,623"
"./dataset/set36/CIMG3381_-_SHEEP_#_1.jpg,235,333,296,280,241,356,312,393,320,415,457,414,468,388,527,340,388,568,392,592"
"./dataset/set36/CIMG3395_-_SHEEP_#_3.jpg,510,300,359,320,511,282,594,340,598,376,759,389,768,358,861,318,651,586,650,608"
"./dataset/set36/CIMG3594_-_SHEEP_#4.jpg,167,58,924,856,170,100,414,239,433,339,882,291,932,200,1103,6,645,763,660,854"
"./dataset/set36/CIMG3613_-_SHEEP_#2.jpg,371,163,866,800,381,317,558,287,618,414,993,396,995,255,1218,186,828,939,818,961"
"./dataset/set36/CIMG5046_-_SHEEP_#4.jpg,574,305,216,187,578,315,627,345,627,367,727,373,739,358,785,331,658,456,657,473"
"./dataset/set36/CIMG5091_-_SHEEP_#3.jpg,453,422,295,274,456,443,528,482,537,505,668,506,680,473,745,440,596,659,598,685"
