"./dataset/set10/CIMG2524_-_SHEEP_#29.jpg,343,229,614,552,350,245,479,355,503,403,799,399,794,332,945,258,696,697,698,730"
"./dataset/set10/CIMG2548_-_SHEEP_#25.jpg,244,190,642,464,244,263,413,308,429,345,696,338,705,287,876,206,581,584,579,622"
"./dataset/set10/CIMG2818_-_SHEEP_#28.jpg,254,159,640,559,261,161,422,285,454,342,737,324,722,266,883,169,681,635,679,681"
"./dataset/set10/CIMG2842_-_SHEEP_#25.jpg,447,77,804,630,459,152,672,254,700,288,1039,282,1037,222,1241,96,950,610,939,670"
"./dataset/set10/CIMG2997_-_SHEEP_#2.jpg,115,222,1072,749,122,527,457,369,554,377,919,325,923,291,1183,300,961,888,903,944"
"./dataset/set10/CIMG3440_-_SHEEP_#34.jpg,567,272,522,468,579,283,702,384,733,426,952,428,949,377,1080,311,903,678,891,709"
"./dataset/set10/CIMG3474_-_SHEEP_#40.jpg,467,271,482,403,476,307,589,374,601,409,818,402,823,365,936,286,743,590,740,631"
"./dataset/set10/CIMG3720_-_SHEEP_#_33.jpg,577,204,592,524,583,230,710,328,725,360,995,366,990,320,1159,245,923,650,908,698"
"./dataset/set10/CIMG4360_-_SHEEP_#4.jpg,163,60,1141,926,188,109,470,167,481,266,956,332,1042,231,1299,239,525,901,541,962"
"./dataset/set10/CIMG4873.jpg,365,104,586,517,376,140,522,193,546,228,796,249,804,211,941,187,704,547,704,593"
