"./dataset/set31/CIMG1600_-_SHEEP_#6.jpg,358,225,513,511,367,238,438,323,421,397,653,392,723,353,866,267,459,627,466,678"
"./dataset/set31/CIMG1792_-_SHEEP_#6.jpg,326,76,745,611,327,118,517,198,518,250,852,262,893,199,1067,109,647,583,651,640"
"./dataset/set31/CIMG1801_-_SHEEP_#2.jpg,249,114,814,725,255,155,470,229,473,298,854,306,899,247,1053,212,599,731,584,796"
"./dataset/set31/CIMG2703_-_SHEEP_#2.jpg,94,236,463,426,97,259,212,309,223,338,448,336,450,302,554,247,370,594,364,638"
"./dataset/set31/CIMG3082_-_SHEEP_#8.jpg,92,171,444,504,154,152,180,264,133,346,328,372,390,310,533,192,125,636,139,659"
"./dataset/set31/CIMG3090_-_SHEEP_#3.jpg,177,365,482,365,170,394,295,418,291,452,467,452,511,424,662,399,322,706,349,720"
"./dataset/set31/CIMG3107_-_SHEEP_#2.jpg,345,98,624,656,346,120,499,230,498,315,781,351,806,288,981,211,576,709,577,739"
"./dataset/set31/CIMG3214_-_SHEEP_#3.jpg,377,291,687,515,378,345,583,360,598,418,869,413,890,359,1080,373,730,767,738,790"
"./dataset/set31/CIMG3236_-_SHEEP_#6.jpg,409,210,718,577,408,362,602,340,637,416,916,399,934,300,1155,231,818,752,817,772"
"./dataset/set31/CIMG3365_-_SHEEP_#_4.jpg,556,391,176,185,566,405,600,435,602,459,682,460,693,440,726,420,634,545,637,560"
