"./dataset/set7/CIMG2118_-_SHEEP_#14.jpg,451,169,724,598,461,228,589,274,655,360,983,321,967,241,1162,187,950,678,937,722"
"./dataset/set7/CIMG2160_-_SHEEP_#21.jpg,321,105,799,695,335,143,505,199,523,302,904,309,920,194,1099,133,720,707,718,761"
"./dataset/set7/CIMG2168_-_SHEEP_#17.jpg,90,188,1048,789,108,258,345,350,390,419,849,406,842,316,1118,220,689,852,681,920"
"./dataset/set7/CIMG2452_-_SHEEP_#24.jpg,333,103,557,657,351,303,436,358,487,423,772,351,749,254,872,120,800,664,795,709"
"./dataset/set7/CIMG2467_-_SHEEP_#23.jpg,558,414,475,435,574,452,667,523,685,586,915,563,917,491,1020,435,863,781,864,822"
"./dataset/set7/CIMG2468_-_SHEEP_#23.jpg,393,164,642,601,406,183,567,255,551,370,854,385,882,282,1022,258,676,698,679,743"
"./dataset/set7/CIMG2487_-_SHEEP_#28.jpg,344,205,715,643,353,288,521,363,570,461,876,425,866,322,1042,225,801,773,801,815"
"./dataset/set7/CIMG2530_-_SHEEP_#24.jpg,564,137,551,539,584,167,648,255,686,328,960,309,945,240,1099,172,937,579,926,622"
"./dataset/set7/CIMG2559_-_SHEEP_#26.jpg,296,135,842,657,312,159,516,280,544,348,888,341,904,273,1119,162,738,686,739,740"
"./dataset/set7/CIMG2817_-_SHEEP_#22.jpg,329,221,582,505,342,281,501,363,511,403,749,384,761,348,891,241,645,635,651,669"
