"./dataset/set3/CIMG1071_-_SHEEP_#20.jpg,443,256,560,459,451,319,591,364,595,410,842,406,848,362,1002,266,710,631,713,675"
"./dataset/set3/CIMG1073_-_SHEEP_#20.jpg,384,81,531,563,393,286,517,280,590,373,817,278,772,194,911,83,844,597,820,625"
"./dataset/set3/CIMG1075_-_SHEEP_#20.jpg,367,95,724,578,379,115,552,223,567,282,888,290,885,231,1084,157,752,585,749,632"
"./dataset/set3/CIMG1078_-_SHEEP_#13.jpg,607,103,521,413,617,121,732,194,715,235,938,284,963,256,1125,196,739,439,737,478"
"./dataset/set3/CIMG1080_-_SHEEP_#18.jpg,12,168,570,477,15,282,183,317,197,364,429,320,435,271,572,185,354,595,370,623"
"./dataset/set3/CIMG1081_-_SHEEP_#21.jpg,471,138,521,600,488,144,562,307,540,407,777,468,805,372,976,351,597,711,616,727"
"./dataset/set3/CIMG1082_-_SHEEP_#21.jpg,107,199,474,499,117,206,212,335,207,432,423,425,446,331,573,254,318,682,344,691"
"./dataset/set3/CIMG1113_-_Sheep_#_18.jpg,333,36,772,627,358,64,533,196,541,236,862,289,877,254,1084,207,687,570,683,632"
"./dataset/set3/CIMG1115_-_Sheep_#_17.jpg,124,123,480,472,134,195,283,291,306,342,516,320,513,250,589,135,454,554,454,575"
"./dataset/set3/CIMG1117_-_Sheep_#_17.jpg,134,137,691,636,148,201,383,339,420,353,752,333,753,263,814,148,690,652,688,715"
