"./dataset/set14/CIMG2534_-_SHEEP_#27.jpg,198,55,649,794,214,347,379,404,406,471,753,422,731,314,849,35,677,752,681,803"
"./dataset/set14/CIMG2810_-_SHEEP_#29.jpg,168,255,496,455,178,270,295,369,305,406,539,391,536,338,655,266,449,648,454,682"
"./dataset/set14/CIMG3438_-_SHEEP_#34.jpg,381,124,584,579,413,130,470,266,456,321,724,397,768,377,956,322,438,607,433,653"
"./dataset/set14/CIMG3478_-_SHEEP_#30.jpg,321,160,409,600,326,170,435,332,453,382,727,387,711,300,709,193,659,689,653,731"
"./dataset/set14/CIMG3728_-_SHEEP_#_30.jpg,362,89,542,439,376,101,499,222,515,225,768,233,782,220,895,130,677,433,674,485"
"./dataset/set14/CIMG3767_-_SHEEP_#_37.jpg,353,165,570,440,356,315,546,334,631,319,823,295,810,256,919,167,881,534,865,570"
"./dataset/set14/CIMG4881.jpg,504,235,324,348,520,260,604,314,620,339,798,347,790,300,819,237,761,533,754,565"
"./dataset/set14/CIMG5212_-_SHEEP_#18.jpg,414,330,451,422,429,356,525,394,549,434,743,455,756,422,855,433,675,694,669,727"
"./dataset/set14/CIMG5840_-_SHEEP_#_35.jpg,513,395,303,289,531,468,570,473,611,496,730,463,725,438,794,405,798,624,790,658"
"./dataset/set14/CIMG5884_-_SHEEP_#_34.jpg,454,303,326,285,464,320,535,389,559,395,708,407,714,392,773,346,684,519,680,553"
