"./dataset/set5/CIMG1363.jpg,243,193,707,567,254,237,457,351,548,390,821,351,806,295,942,208,855,667,846,719"
"./dataset/set5/CIMG1365.jpg,437,328,431,346,448,353,553,388,542,419,733,429,781,409,860,354,526,600,535,639"
"./dataset/set5/CIMG1422.jpg,253,112,816,740,266,191,474,281,497,319,844,300,858,270,1057,145,688,754,688,818"
"./dataset/set5/CIMG1460_-_SHEEP_#7.jpg,342,188,755,576,357,213,562,282,563,336,869,362,909,316,1086,267,641,704,648,743"
"./dataset/set5/CIMG1464_-_SHEEP_#9.jpg,101,120,840,661,114,354,290,256,321,312,706,258,720,199,917,227,600,662,602,722"
"./dataset/set5/CIMG1468_-_SHEEP_#9.jpg,474,199,636,547,492,410,568,313,643,361,939,315,934,255,1097,263,1022,641,1014,701"
"./dataset/set5/CIMG1474_-_SHEEP_#10.jpg,368,276,761,680,373,308,578,410,598,493,926,472,942,388,1109,355,769,889,773,933"
"./dataset/set5/CIMG1476_-_SHEEP_#10.jpg,497,129,787,677,523,247,674,291,769,352,1081,299,1061,227,1264,161,1126,717,1109,771"
"./dataset/set5/CIMG1484_-_SHEEP_#8.jpg,210,236,771,601,228,277,409,367,424,409,760,398,777,356,963,266,600,736,604,792"
"./dataset/set5/CIMG1563_-_SHEEP_#10.jpg,218,99,920,777,246,152,484,204,484,290,910,296,932,228,1119,171,654,778,659,836"
