"imgName, bx, by, w, h, 8 points(xi, yi)"
"./training_data/set4/close-up-sheep-21834719.jpg,23,30,329,193,35,83,119,94,135,88,242,87,257,94,337,81,197,158,201,183"
"./training_data/set4/dolly-the-sheep.jpg,118,42,132,97,126,57,146,68,152,77,209,76,218,68,242,55,174,105,175,116"
"./training_data/set4/Ewe_sheep_black_and_white.jpg,127,89,930,840,150,124,342,237,357,329,804,341,813,240,1025,152,583,733,580,836"
"./training_data/set4/Sheep_Stodmarsh_6.jpg,165,141,439,329,182,154,276,262,297,288,465,295,487,273,583,194,377,365,375,400"
"./training_data/set4/sheep-1.jpg,462,124,288,198,472,145,545,180,554,198,651,198,670,182,737,137,601,272,603,291"
"./training_data/set4/Sheep-2.jpg,458,93,244,193,470,112,524,135,526,155,633,160,639,137,691,121,571,223,571,248"
"./training_data/set4/Sheep-500x382.jpg,16,13,461,293,32,69,135,95,161,104,325,114,343,103,465,91,248,252,247,280"
"./training_data/set4/Sheep-in-paddock3.jpg,27,44,260,159,36,65,100,84,116,99,203,104,217,92,277,74,157,153,158,172"
"./training_data/set4/sheep-on-farm-in-grass-field-on-sunny-March-day-at-Neals-Farm-Checkendon-Oxfordshire-England-4-DHD.jpg,644,140,390,313,658,195,748,231,761,261,929,252,933,206,1015,154,855,372,858,407"
"./training_data/set4/sheep_with_lamb.jpg,596,162,336,223,610,193,700,214,711,227,823,227,841,209,922,180,767,331,765,356"
"./training_data/set4/sheep_with_lamb.jpg,989,339,255,145,992,356,1053,378,1070,390,1154,394,1172,379,1236,367,1105,444,1105,463"
