"./dataset/set29/CIMG1629_-_SHEEP_#4.jpg,206,146,901,640,220,195,470,224,485,288,828,283,858,232,1099,223,641,709,651,757"
"./dataset/set29/CIMG1779_-_SHEEP_#9.jpg,284,160,585,537,287,260,424,304,453,351,717,332,729,262,862,183,639,617,637,661"
"./dataset/set29/CIMG1793_-_SHEEP_#6.jpg,319,37,762,603,327,74,518,150,518,206,858,215,896,153,1069,58,648,541,653,597"
"./dataset/set29/CIMG1830_-_SHEEP_#5.jpg,191,127,752,650,197,155,390,330,396,388,751,366,783,320,922,138,519,699,529,744"
"./dataset/set29/CIMG2698_-_SHEEP_#6.jpg,354,251,536,531,379,263,494,324,473,387,699,415,776,352,886,290,409,706,420,751"
"./dataset/set29/CIMG2710_-_SHEEP_#5.jpg,72,196,383,486,83,240,189,339,212,386,401,397,392,314,443,201,321,641,314,669"
"./dataset/set29/CIMG2725_-_SHEEP_#9.jpg,141,250,532,496,150,318,279,355,300,400,536,392,541,339,664,269,449,690,451,730"
"./dataset/set29/CIMG2742_-_SHEEP_#1.jpg,436,61,722,474,433,137,639,141,657,164,914,177,947,154,1169,163,730,487,733,514"
"./dataset/set29/CIMG3069_-_SHEEP_#7.jpg,460,319,394,354,439,396,558,414,592,442,753,414,754,372,862,333,746,646,741,663"
"./dataset/set29/CIMG3071_-_SHEEP_#7.jpg,339,201,602,521,309,307,512,341,549,370,799,340,802,289,961,227,777,683,774,705"
